4103
0 79 > 56
0 98 > 42
0 641 > 42
0 664 > 56
0 666 > 56
1 78 > 56
1 99 > 56
1 640 > 56
1 665 > 56
1 667 > 56
2 5 > 84
2 78 > 56
3 4 > 84
3 79 > 56
4 78 > 56
5 79 > 56
6 9 > 84
6 185 > 56
6 187 > 56
6 371 > 56
6 413 > 56
6 468 > 56
6 553 > 56
7 8 > 84
7 184 > 56
7 186 > 56
7 370 > 56
7 412 > 56
7 469 > 56
7 552 > 56
8 185 > 56
8 187 > 56
8 371 > 56
8 413 > 56
8 468 > 56
8 553 > 56
9 184 > 56
9 186 > 56
9 370 > 56
9 412 > 56
9 469 > 56
9 552 > 56
10 325 > 56
10 327 > 56
10 329 > 56
10 656 > 56
10 658 > 56
11 324 > 56
11 326 > 56
11 328 > 56
11 657 > 56
11 659 > 56
12 21 > 56
12 327 > 56
12 329 > 56
12 636 > 56
13 20 > 42
13 326 > 56
13 328 > 56
13 637 > 56
14 46 > 56
15 47 > 42
16 614 > 56
17 615 > 42
18 21 > 42
18 23 > 42
18 51 > 42
18 637 > 42
19 20 > 42
19 22 > 42
19 50 > 42
19 636 > 56
20 23 > 42
20 636 > 42
20 648 > 56
20 660 > 42
21 22 > 42
21 637 > 56
21 649 > 42
21 661 > 56
22 648 > 56
23 649 > 42
24 27 > 84
24 460 > 56
24 612 > 56
24 647 > 56
25 26 > 84
25 461 > 42
25 613 > 56
25 646 > 56
26 460 > 56
26 612 > 56
26 647 > 56
27 461 > 42
27 613 > 56
27 646 > 56
28 257 > 56
28 525 > 56
29 256 > 56
29 524 > 56
30 33 > 56
31 32 > 56
34 37 > 84
34 426 > 56
34 533 > 56
34 550 > 42
35 36 > 84
35 427 > 56
35 532 > 56
35 551 > 56
36 426 > 56
36 533 > 56
36 550 > 42
37 427 > 56
37 532 > 56
37 551 > 56
38 306 > 56
38 309 > 56
38 322 > 42
38 474 > 42
38 634 > 42
39 307 > 42
39 308 > 42
39 323 > 42
39 475 > 56
39 635 > 56
40 42 > 42
40 44 > 42
40 46 > 42
40 52 > 56
40 672 > 42
41 43 > 56
41 45 > 56
41 47 > 56
41 53 > 56
41 673 > 56
42 45 > 42
42 47 > 42
42 53 > 42
43 44 > 42
43 46 > 42
43 52 > 56
44 47 > 42
44 53 > 42
44 673 > 42
45 46 > 42
45 52 > 56
45 672 > 42
46 53 > 42
46 673 > 42
47 52 > 56
47 672 > 42
48 51 > 42
48 331 > 42
48 461 > 42
49 50 > 42
49 330 > 42
49 460 > 42
50 637 > 42
51 636 > 56
52 673 > 56
53 672 > 42
54 57 > 56
54 265 > 56
54 377 > 56
54 432 > 56
54 471 > 56
54 605 > 56
54 609 > 42
55 56 > 56
55 264 > 56
55 376 > 56
55 433 > 56
55 470 > 56
55 604 > 56
55 608 > 56
56 265 > 56
56 377 > 56
56 432 > 56
56 471 > 56
56 605 > 56
56 609 > 42
57 264 > 56
57 376 > 56
57 433 > 56
57 470 > 56
57 604 > 56
57 608 > 56
58 60 > 84
59 61 > 84
62 65 > 84
62 138 > 56
62 140 > 56
62 143 > 56
62 147 > 56
62 149 > 56
62 204 > 56
62 206 > 56
62 499 > 56
62 502 > 56
62 504 > 56
62 507 > 84
62 509 > 84
63 64 > 84
63 139 > 56
63 141 > 56
63 142 > 56
63 146 > 56
63 148 > 56
63 205 > 56
63 207 > 56
63 498 > 56
63 503 > 56
63 505 > 56
63 506 > 84
63 508 > 84
64 138 > 56
64 140 > 56
64 143 > 56
64 147 > 56
64 149 > 56
64 204 > 56
64 206 > 56
64 499 > 56
64 502 > 56
64 504 > 56
64 507 > 84
64 509 > 84
65 139 > 56
65 141 > 56
65 142 > 56
65 146 > 56
65 148 > 56
65 205 > 56
65 207 > 56
65 498 > 56
65 503 > 56
65 505 > 56
65 506 > 84
65 508 > 84
66 68 > 56
66 102 > 56
66 104 > 56
66 161 > 56
66 455 > 56
66 457 > 56
66 501 > 56
67 69 > 56
67 103 > 56
67 105 > 56
67 160 > 56
67 454 > 56
67 456 > 56
67 500 > 56
68 103 > 56
68 105 > 56
68 176 > 56
68 178 > 56
68 388 > 56
68 455 > 56
68 457 > 56
68 470 > 56
69 102 > 56
69 104 > 56
69 177 > 56
69 179 > 56
69 389 > 56
69 454 > 56
69 456 > 56
69 471 > 56
70 73 > 84
70 203 > 56
70 205 > 56
70 207 > 56
70 208 > 56
70 210 > 56
70 510 > 56
70 512 > 56
71 72 > 84
71 202 > 56
71 204 > 56
71 206 > 56
71 209 > 56
71 211 > 56
71 511 > 56
71 513 > 56
72 203 > 56
72 205 > 56
72 207 > 56
72 208 > 56
72 210 > 56
72 510 > 56
72 512 > 56
73 202 > 56
73 204 > 56
73 206 > 56
73 209 > 56
73 211 > 56
73 511 > 56
73 513 > 56
74 77 > 84
74 194 > 56
74 196 > 56
74 216 > 56
74 367 > 42
75 76 > 84
75 195 > 56
75 197 > 56
75 217 > 56
75 366 > 56
76 194 > 56
76 196 > 56
76 216 > 56
76 367 > 42
77 195 > 56
77 197 > 56
77 217 > 56
77 366 > 56
78 98 > 42
78 641 > 42
79 99 > 56
79 640 > 56
80 84 > 60
80 284 > 42
80 291 > 56
80 606 > 56
80 675 > 56
81 85 > 56
81 285 > 60
81 290 > 60
81 607 > 60
81 674 > 60
82 85 > 60
82 232 > 60
82 240 > 60
82 268 > 60
82 317 > 60
82 526 > 60
83 84 > 56
83 233 > 56
83 241 > 56
83 269 > 56
83 316 > 56
83 527 > 42
84 232 > 56
84 240 > 56
84 268 > 56
84 317 > 56
84 526 > 56
85 233 > 56
85 241 > 56
85 269 > 56
85 316 > 56
85 527 > 42
86 89 > 27
87 88 > 27
90 93 > 84
90 239 > 56
90 317 > 56
90 463 > 56
91 92 > 84
91 238 > 56
91 316 > 56
91 462 > 42
92 239 > 56
92 317 > 56
92 463 > 56
93 238 > 56
93 316 > 56
93 462 > 42
94 97 > 56
94 324 > 56
94 633 > 42
95 96 > 56
95 325 > 56
95 632 > 56
96 99 > 42
96 631 > 42
97 98 > 56
97 630 > 56
98 631 > 42
98 640 > 42
99 630 > 42
99 641 > 42
99 666 > 42
100 102 > 56
100 104 > 56
100 107 > 84
100 165 > 56
100 167 > 56
101 103 > 56
101 105 > 56
101 106 > 84
101 164 > 56
101 166 > 56
102 105 > 84
102 106 > 56
102 164 > 56
102 166 > 56
103 104 > 84
103 107 > 56
103 165 > 56
103 167 > 56
104 106 > 56
104 164 > 56
104 166 > 56
105 107 > 56
105 165 > 56
105 167 > 56
106 165 > 56
106 167 > 56
107 164 > 56
107 166 > 56
108 189 > 56
108 191 > 56
109 188 > 56
109 190 > 56
110 240 > 56
110 463 > 42
111 241 > 56
111 462 > 56
112 590 > 56
112 593 > 56
113 591 > 42
113 592 > 42
114 490 > 56
115 491 > 42
116 119 > 56
116 212 > 56
116 374 > 56
116 390 > 42
116 404 > 56
116 434 > 56
116 581 > 56
117 118 > 56
117 213 > 56
117 375 > 56
117 391 > 56
117 405 > 56
117 435 > 56
117 580 > 56
118 215 > 56
119 214 > 56
120 151 > 56
120 169 > 56
120 171 > 56
120 175 > 56
120 213 > 56
120 334 > 56
121 150 > 56
121 168 > 56
121 170 > 56
121 174 > 56
121 212 > 56
121 335 > 56
122 200 > 56
123 201 > 56
124 198 > 56
125 199 > 56
128 189 > 56
128 191 > 56
128 529 > 56
128 548 > 56
129 188 > 56
129 190 > 56
129 528 > 56
129 549 > 56
130 133 > 84
130 372 > 56
130 417 > 56
130 459 > 2
131 132 > 84
131 373 > 56
131 416 > 56
131 458 > 56
132 372 > 56
132 417 > 56
132 459 > 2
133 373 > 56
133 416 > 56
133 458 > 56
134 137 > 84
134 139 > 56
134 141 > 56
134 143 > 56
134 157 > 56
134 368 > 56
134 396 > 56
134 442 > 12
134 499 > 56
134 503 > 56
134 505 > 56
135 136 > 84
135 138 > 56
135 140 > 56
135 142 > 56
135 156 > 56
135 369 > 56
135 397 > 56
135 443 > 13
135 498 > 56
135 502 > 56
135 504 > 56
136 139 > 56
136 141 > 56
136 143 > 56
136 157 > 56
136 368 > 56
136 396 > 56
136 442 > 13
136 499 > 56
136 503 > 56
136 505 > 56
137 138 > 56
137 140 > 56
137 142 > 56
137 156 > 56
137 369 > 56
137 397 > 56
137 443 > 13
137 498 > 56
137 502 > 56
137 504 > 56
138 141 > 84
138 143 > 56
138 368 > 56
138 396 > 56
138 499 > 56
138 503 > 84
138 505 > 84
138 506 > 56
138 508 > 56
139 140 > 84
139 142 > 56
139 369 > 56
139 397 > 56
139 498 > 56
139 502 > 84
139 504 > 84
139 507 > 56
139 509 > 56
140 143 > 56
140 368 > 56
140 396 > 56
140 499 > 56
140 503 > 84
140 505 > 84
140 506 > 56
140 508 > 56
141 142 > 56
141 369 > 56
141 397 > 56
141 498 > 56
141 502 > 84
141 504 > 84
141 507 > 56
141 509 > 56
142 147 > 56
142 149 > 56
142 204 > 56
142 206 > 56
142 368 > 56
142 396 > 56
142 499 > 84
142 503 > 56
142 505 > 56
142 507 > 56
142 509 > 56
143 146 > 56
143 148 > 56
143 205 > 56
143 207 > 56
143 369 > 56
143 397 > 56
143 498 > 84
143 502 > 56
143 504 > 56
143 506 > 56
143 508 > 56
144 180 > 56
144 182 > 56
145 181 > 56
145 183 > 56
146 149 > 84
146 204 > 56
146 206 > 56
146 499 > 56
146 507 > 56
146 509 > 56
147 148 > 84
147 205 > 56
147 207 > 56
147 498 > 56
147 506 > 56
147 508 > 56
148 204 > 56
148 206 > 56
148 499 > 56
148 507 > 56
148 509 > 56
149 205 > 56
149 207 > 56
149 498 > 56
149 506 > 56
149 508 > 56
150 169 > 56
150 171 > 56
150 175 > 56
150 334 > 56
151 168 > 56
151 170 > 56
151 174 > 56
151 335 > 56
154 157 > 56
155 156 > 56
156 442 > 40
157 443 > 41
160 455 > 56
160 457 > 56
160 501 > 84
161 454 > 56
161 456 > 56
161 500 > 84
164 167 > 84
164 169 > 56
164 171 > 56
164 473 > 2
165 166 > 84
165 168 > 56
165 170 > 56
165 472 > 56
166 169 > 56
166 171 > 56
166 473 > 2
167 168 > 56
167 170 > 56
167 472 > 56
168 171 > 84
168 175 > 56
168 334 > 56
168 473 > 2
169 170 > 84
169 174 > 56
169 335 > 56
169 472 > 56
170 175 > 56
170 334 > 56
170 473 > 2
171 174 > 56
171 335 > 56
171 472 > 56
172 174 > 56
172 176 > 56
172 178 > 56
173 175 > 56
173 177 > 56
173 179 > 56
174 177 > 56
174 179 > 56
174 334 > 56
175 176 > 56
175 178 > 56
175 335 > 56
176 179 > 84
176 389 > 56
176 454 > 56
176 456 > 56
176 471 > 56
177 178 > 84
177 388 > 56
177 455 > 56
177 457 > 56
177 470 > 56
178 389 > 56
178 454 > 56
178 456 > 56
178 471 > 56
179 388 > 56
179 455 > 56
179 457 > 56
179 470 > 56
180 183 > 84
181 182 > 84
184 187 > 84
184 371 > 56
184 413 > 56
184 468 > 56
184 553 > 56
185 186 > 84
185 370 > 56
185 412 > 56
185 469 > 56
185 552 > 56
186 371 > 56
186 413 > 56
186 468 > 56
186 553 > 56
187 370 > 56
187 412 > 56
187 469 > 56
187 552 > 56
188 191 > 84
188 529 > 56
188 548 > 56
189 190 > 84
189 528 > 56
189 549 > 56
190 529 > 54
190 548 > 56
191 528 > 54
191 549 > 56
192 214 > 56
192 405 > 56
192 447 > 56
193 215 > 56
193 404 > 56
193 446 > 56
194 197 > 84
194 217 > 56
194 366 > 56
195 196 > 84
195 216 > 56
195 367 > 42
196 217 > 56
196 366 > 56
197 216 > 56
197 367 > 42
198 496 > 56
198 679 > 2
199 497 > 56
199 678 > 56
202 209 > 56
202 211 > 56
202 510 > 69
202 512 > 84
203 208 > 56
203 210 > 56
203 511 > 69
203 513 > 84
204 207 > 84
204 208 > 56
204 210 > 56
204 498 > 56
204 506 > 56
204 508 > 56
205 206 > 84
205 209 > 56
205 211 > 56
205 499 > 56
205 507 > 56
205 509 > 56
206 208 > 56
206 210 > 56
206 498 > 56
206 506 > 56
206 508 > 56
207 209 > 56
207 211 > 56
207 499 > 56
207 507 > 56
207 509 > 56
208 211 > 84
208 510 > 56
208 512 > 56
209 210 > 84
209 511 > 56
209 513 > 56
210 510 > 56
210 512 > 56
211 511 > 56
211 513 > 56
212 334 > 56
212 375 > 56
212 391 > 56
212 405 > 56
212 435 > 56
212 580 > 56
213 335 > 56
213 374 > 56
213 390 > 42
213 404 > 56
213 434 > 56
213 581 > 56
214 404 > 56
214 446 > 56
215 405 > 56
215 447 > 56
216 243 > 56
216 248 > 56
216 258 > 56
216 294 > 56
216 319 > 56
216 366 > 56
216 515 > 56
216 517 > 56
217 242 > 56
217 249 > 56
217 259 > 56
217 295 > 56
217 318 > 56
217 367 > 42
217 514 > 56
217 516 > 56
218 222 > 56
218 226 > 56
218 229 > 56
218 230 > 56
219 223 > 56
219 227 > 56
219 228 > 56
219 231 > 56
220 224 > 56
221 225 > 56
222 227 > 56
222 228 > 56
222 231 > 56
222 314 > 56
223 226 > 56
223 229 > 56
223 230 > 56
223 315 > 56
224 226 > 56
225 227 > 56
226 228 > 56
226 231 > 56
227 229 > 56
227 230 > 56
228 230 > 56
229 231 > 56
230 347 > 56
230 549 > 56
231 346 > 42
231 548 > 56
232 235 > 56
232 239 > 56
232 241 > 56
232 269 > 56
232 316 > 56
232 527 > 42
232 597 > 56
233 234 > 42
233 238 > 56
233 240 > 56
233 268 > 56
233 317 > 56
233 526 > 56
233 596 > 56
234 239 > 42
234 288 > 42
234 597 > 42
235 238 > 56
235 289 > 42
235 596 > 56
236 244 > 56
236 249 > 56
236 366 > 42
236 536 > 56
236 541 > 56
237 245 > 56
237 248 > 56
237 367 > 56
237 537 > 56
237 540 > 56
238 317 > 56
238 597 > 56
239 316 > 56
239 596 > 56
240 269 > 56
240 316 > 56
240 462 > 56
240 527 > 42
241 268 > 56
241 317 > 56
241 463 > 42
241 526 > 56
242 248 > 56
242 258 > 56
242 263 > 56
242 294 > 56
242 319 > 56
242 333 > 56
242 356 > 56
242 363 > 56
242 515 > 56
242 517 > 56
243 249 > 56
243 259 > 56
243 262 > 42
243 295 > 56
243 318 > 56
243 332 > 42
243 357 > 42
243 362 > 42
243 514 > 56
243 516 > 56
244 255 > 56
244 358 > 56
244 537 > 56
244 540 > 56
245 254 > 56
245 359 > 42
245 536 > 56
245 541 > 56
246 251 > 56
246 253 > 42
246 259 > 56
246 361 > 56
246 518 > 56
247 250 > 56
247 252 > 56
247 258 > 56
247 360 > 42
247 519 > 56
248 259 > 56
248 295 > 56
248 318 > 56
248 366 > 42
248 514 > 56
248 516 > 56
249 258 > 56
249 294 > 56
249 319 > 56
249 367 > 56
249 515 > 56
249 517 > 56
250 261 > 42
250 321 > 56
250 361 > 56
250 518 > 56
250 557 > 42
250 562 > 56
251 260 > 56
251 320 > 56
251 360 > 42
251 519 > 56
251 556 > 56
251 563 > 56
252 259 > 56
253 258 > 42
254 267 > 56
254 312 > 56
254 354 > 42
254 358 > 56
254 364 > 42
255 266 > 56
255 313 > 56
255 355 > 56
255 359 > 42
255 365 > 56
256 313 > 56
256 384 > 56
256 525 > 56
257 312 > 56
257 385 > 56
257 524 > 56
258 295 > 56
258 318 > 56
258 514 > 56
258 516 > 56
259 294 > 56
259 319 > 56
259 515 > 56
259 517 > 56
260 321 > 56
260 557 > 42
260 562 > 56
261 320 > 42
261 556 > 42
261 563 > 42
262 333 > 42
262 356 > 42
262 363 > 42
263 332 > 42
263 357 > 42
263 362 > 42
264 377 > 56
264 432 > 56
264 471 > 56
264 605 > 56
264 609 > 42
265 376 > 56
265 433 > 56
265 470 > 56
265 604 > 56
265 608 > 56
266 275 > 56
266 312 > 56
266 351 > 56
266 352 > 56
266 354 > 42
266 364 > 42
267 274 > 56
267 313 > 56
267 350 > 42
267 353 > 42
267 355 > 56
267 365 > 56
268 291 > 56
268 316 > 56
268 527 > 42
269 290 > 56
269 317 > 56
269 526 > 56
270 273 > 56
270 277 > 56
271 272 > 56
271 276 > 56
272 344 > 42
273 345 > 56
274 351 > 56
274 352 > 56
274 676 > 56
275 350 > 42
275 353 > 42
275 677 > 56
276 281 > 56
276 546 > 56
277 280 > 56
277 547 > 56
278 280 > 56
278 560 > 56
279 281 > 56
279 561 > 56
280 546 > 56
280 561 > 56
281 547 > 56
281 560 > 56
282 315 > 56
282 321 > 56
282 562 > 56
283 314 > 56
283 320 > 56
283 563 > 56
284 290 > 42
284 607 > 42
284 674 > 42
285 291 > 56
285 606 > 56
285 675 > 56
286 292 > 56
286 534 > 56
287 293 > 42
287 535 > 56
290 606 > 56
290 675 > 56
291 607 > 56
291 674 > 56
292 535 > 56
293 534 > 42
294 318 > 56
294 514 > 56
294 516 > 56
295 319 > 56
295 515 > 56
295 517 > 56
296 298 > 56
296 300 > 56
296 305 > 56
297 299 > 56
297 301 > 56
297 304 > 56
298 301 > 56
298 302 > 56
299 300 > 56
299 303 > 56
300 302 > 56
301 303 > 56
302 652 > 56
302 654 > 56
302 665 > 56
303 653 > 56
303 655 > 56
303 664 > 56
304 307 > 56
305 306 > 56
306 308 > 56
307 309 > 56
308 603 > 56
308 628 > 56
308 635 > 56
309 602 > 56
309 629 > 56
309 634 > 56
310 419 > 42
311 418 > 56
312 355 > 56
312 365 > 56
312 384 > 56
313 354 > 42
313 364 > 42
313 385 > 56
314 321 > 56
314 562 > 56
315 320 > 56
315 563 > 56
316 526 > 56
317 527 > 42
318 515 > 56
318 517 > 56
319 514 > 56
319 516 > 56
320 557 > 42
320 562 > 56
321 556 > 56
321 563 > 56
322 475 > 56
322 635 > 56
323 474 > 42
323 634 > 42
324 632 > 56
324 651 > 56
325 633 > 42
325 650 > 56
326 329 > 56
327 328 > 56
330 461 > 42
331 460 > 42
332 356 > 42
332 363 > 42
333 357 > 42
333 362 > 42
336 410 > 56
337 411 > 56
338 341 > 56
338 343 > 56
338 441 > 56
338 582 > 56
339 340 > 56
339 342 > 56
339 440 > 56
339 583 > 56
340 343 > 56
340 451 > 56
340 453 > 56
341 342 > 56
341 450 > 42
341 452 > 56
342 423 > 56
342 425 > 56
343 422 > 42
343 424 > 56
346 349 > 42
346 549 > 42
347 348 > 42
347 548 > 56
350 352 > 42
351 353 > 42
354 365 > 42
355 364 > 42
356 362 > 42
357 363 > 42
360 518 > 42
361 519 > 56
368 397 > 56
368 420 > 56
368 498 > 56
368 502 > 56
368 504 > 56
368 567 > 56
369 396 > 56
369 421 > 56
369 499 > 56
369 503 > 56
369 505 > 56
369 566 > 56
370 407 > 56
370 411 > 56
370 413 > 56
370 427 > 56
370 468 > 84
370 553 > 56
370 565 > 42
371 406 > 56
371 410 > 56
371 412 > 56
371 426 > 56
371 469 > 84
371 552 > 56
371 564 > 56
372 379 > 56
372 414 > 56
372 416 > 56
372 448 > 56
373 378 > 56
373 415 > 56
373 417 > 56
373 449 > 56
374 391 > 56
374 405 > 56
374 419 > 56
374 435 > 56
374 580 > 56
375 390 > 42
375 404 > 56
375 418 > 56
375 434 > 56
375 581 > 56
376 432 > 56
376 471 > 56
376 554 > 56
376 605 > 56
376 609 > 42
377 433 > 56
377 470 > 56
377 555 > 56
377 604 > 56
377 608 > 56
378 398 > 42
378 401 > 42
378 414 > 56
378 448 > 56
378 531 > 56
379 399 > 56
379 400 > 56
379 415 > 56
379 449 > 56
379 530 > 56
380 382 > 56
380 540 > 56
381 383 > 56
381 541 > 56
382 385 > 56
382 386 > 56
383 384 > 56
383 387 > 56
384 386 > 56
385 387 > 56
386 542 > 56
387 543 > 56
388 454 > 56
388 456 > 56
388 471 > 56
388 545 > 56
389 455 > 56
389 457 > 56
389 470 > 56
389 544 > 56
390 405 > 42
390 435 > 42
390 580 > 42
391 404 > 56
391 434 > 56
391 581 > 56
392 435 > 56
392 438 > 56
393 434 > 42
393 439 > 42
394 437 > 42
394 452 > 42
395 436 > 56
395 453 > 56
396 421 > 56
396 498 > 56
396 502 > 56
396 504 > 56
397 420 > 56
397 499 > 56
397 503 > 56
397 505 > 56
398 400 > 42
398 530 > 42
399 401 > 42
399 531 > 56
400 531 > 56
401 530 > 42
402 408 > 42
402 430 > 42
403 409 > 56
403 431 > 56
404 435 > 56
404 447 > 56
404 580 > 56
405 434 > 56
405 446 > 56
405 581 > 56
406 411 > 56
406 427 > 56
406 444 > 56
406 468 > 56
406 565 > 42
407 410 > 56
407 426 > 56
407 445 > 56
407 469 > 56
407 564 > 56
408 415 > 56
408 431 > 56
409 414 > 56
409 430 > 56
410 427 > 56
410 468 > 56
410 565 > 42
411 426 > 56
411 469 > 56
411 564 > 56
412 468 > 56
412 530 > 56
412 553 > 56
413 469 > 56
413 531 > 56
413 552 > 56
414 449 > 56
415 448 > 56
420 566 > 56
421 567 > 56
422 425 > 42
423 424 > 56
424 441 > 56
424 492 > 42
424 599 > 56
425 440 > 56
425 493 > 56
425 598 > 56
426 468 > 56
426 532 > 56
426 551 > 56
426 565 > 42
427 469 > 56
427 533 > 56
427 550 > 42
427 564 > 56
428 431 > 56
428 433 > 56
429 430 > 56
429 432 > 56
432 470 > 56
432 604 > 56
432 608 > 56
433 471 > 56
433 605 > 56
433 609 > 42
434 438 > 56
434 580 > 56
435 439 > 56
435 581 > 56
436 439 > 56
436 452 > 56
437 438 > 56
437 453 > 56
440 492 > 42
440 582 > 56
440 599 > 56
441 493 > 56
441 583 > 56
441 598 > 56
442 445 > 56
443 444 > 56
446 449 > 56
447 448 > 56
450 453 > 42
450 611 > 42
451 452 > 56
451 610 > 42
454 457 > 56
454 470 > 56
454 501 > 56
455 456 > 56
455 471 > 56
455 500 > 56
456 470 > 56
456 501 > 56
457 471 > 56
457 500 > 56
458 464 > 2
459 465 > 28
460 613 > 56
461 612 > 42
466 529 > 56
466 532 > 56
467 528 > 28
467 533 > 28
468 552 > 56
468 564 > 56
469 553 > 56
469 565 > 42
470 605 > 56
470 609 > 42
471 604 > 56
471 608 > 56
474 476 > 56
474 635 > 56
475 477 > 56
475 634 > 56
476 478 > 56
477 479 > 56
478 480 > 56
479 481 > 56
480 482 > 56
481 483 > 56
482 484 > 56
483 485 > 56
484 486 > 56
485 487 > 56
486 488 > 56
487 489 > 56
488 490 > 56
489 491 > 56
492 495 > 42
492 598 > 42
493 494 > 42
493 599 > 56
496 678 > 56
497 679 > 2
498 503 > 56
498 505 > 56
498 507 > 56
498 509 > 56
499 502 > 56
499 504 > 56
499 506 > 56
499 508 > 56
502 505 > 84
502 506 > 56
502 508 > 56
503 504 > 84
503 507 > 56
503 509 > 56
504 506 > 56
504 508 > 56
505 507 > 56
505 509 > 56
506 509 > 84
507 508 > 84
510 513 > 61
511 512 > 84
514 517 > 41
515 516 > 41
520 523 > 56
521 522 > 56
526 559 > 42
527 558 > 42
528 532 > 56
528 548 > 56
529 533 > 56
529 549 > 56
532 550 > 42
533 551 > 56
536 539 > 56
536 540 > 56
537 538 > 56
537 541 > 56
542 544 > 56
543 545 > 56
556 562 > 56
557 563 > 42
560 676 > 56
561 677 > 56
566 568 > 56
567 569 > 56
568 570 > 56
569 571 > 56
570 572 > 56
571 573 > 56
572 574 > 56
573 575 > 56
574 576 > 56
575 577 > 56
576 578 > 56
577 579 > 56
578 581 > 56
579 580 > 56
582 584 > 56
583 585 > 56
584 586 > 56
585 587 > 56
586 589 > 56
586 590 > 56
587 588 > 42
587 591 > 56
588 590 > 42
589 591 > 56
590 592 > 56
591 593 > 56
592 594 > 56
593 595 > 56
594 596 > 56
595 597 > 56
598 600 > 56
599 601 > 56
600 602 > 56
601 603 > 56
602 628 > 56
602 635 > 56
603 629 > 56
603 634 > 56
604 609 > 42
605 608 > 56
606 674 > 56
607 675 > 56
612 614 > 56
612 646 > 56
613 615 > 56
613 647 > 56
614 663 > 56
615 662 > 56
616 618 > 56
616 623 > 56
616 638 > 56
617 619 > 56
617 622 > 56
617 639 > 56
618 620 > 56
618 639 > 56
619 621 > 56
619 638 > 56
620 623 > 56
620 624 > 56
620 626 > 56
620 639 > 56
621 622 > 56
621 625 > 56
621 627 > 56
621 638 > 56
622 624 > 56
622 626 > 56
622 639 > 56
623 625 > 56
623 627 > 56
623 638 > 56
624 627 > 56
624 638 > 56
625 626 > 56
625 639 > 56
626 638 > 56
627 639 > 56
628 634 > 56
629 635 > 56
630 667 > 56
630 668 > 56
631 666 > 42
631 669 > 42
632 650 > 56
633 651 > 42
636 644 > 56
636 648 > 56
636 661 > 56
637 645 > 56
637 649 > 56
637 660 > 56
640 664 > 56
640 666 > 56
641 665 > 42
641 667 > 42
642 645 > 56
642 647 > 56
642 670 > 42
643 644 > 56
643 646 > 56
643 671 > 56
644 649 > 56
645 648 > 56
646 670 > 42
647 671 > 56
650 669 > 56
651 668 > 56
652 655 > 56
652 664 > 56
653 654 > 56
653 665 > 56
654 664 > 56
655 665 > 56
656 659 > 56
656 661 > 56
657 658 > 56
657 660 > 56
658 661 > 56
659 660 > 56
664 667 > 56
665 666 > 56
666 668 > 56
667 669 > 56
0 1 = 238
2 3 = 238
4 5 = 238
6 7 = 238
8 9 = 238
10 11 = 238
12 13 = 238
14 15 = 238
16 17 = 238
18 19 = 238
20 21 = 238
22 23 = 238
24 25 = 238
26 27 = 238
28 29 = 238
30 31 = 238
32 33 = 238
34 35 = 238
36 37 = 238
38 39 = 238
40 41 = 238
42 43 = 238
44 45 = 238
46 47 = 238
48 49 = 238
50 51 = 238
52 53 = 238
54 55 = 238
56 57 = 238
58 59 = 238
60 61 = 238
62 63 = 238
64 65 = 238
66 67 = 238
68 69 = 238
70 71 = 238
72 73 = 238
74 75 = 238
76 77 = 238
78 79 = 238
80 81 = 238
82 83 = 238
84 85 = 238
86 87 = 238
88 89 = 238
90 91 = 238
92 93 = 238
94 95 = 238
96 97 = 238
98 99 = 238
100 101 = 238
102 103 = 238
104 105 = 238
106 107 = 238
108 109 = 238
110 111 = 238
112 113 = 238
114 115 = 238
116 117 = 238
118 119 = 238
120 121 = 238
122 123 = 238
124 125 = 238
126 127 = 238
128 129 = 238
130 131 = 238
132 133 = 238
134 135 = 238
136 137 = 238
138 139 = 238
140 141 = 238
142 143 = 238
144 145 = 238
146 147 = 238
148 149 = 238
150 151 = 238
152 153 = 238
154 155 = 238
156 157 = 238
158 159 = 238
160 161 = 238
162 163 = 238
164 165 = 238
166 167 = 238
168 169 = 238
170 171 = 238
172 173 = 238
174 175 = 238
176 177 = 238
178 179 = 238
180 181 = 238
182 183 = 238
184 185 = 238
186 187 = 238
188 189 = 238
190 191 = 238
192 193 = 238
194 195 = 238
196 197 = 238
198 199 = 238
200 201 = 238
202 203 = 238
204 205 = 238
206 207 = 238
208 209 = 238
210 211 = 238
212 213 = 238
214 215 = 238
216 217 = 238
218 219 = 238
220 221 = 238
222 223 = 238
224 225 = 238
226 227 = 238
228 229 = 238
230 231 = 238
232 233 = 238
234 235 = 238
236 237 = 238
238 239 = 238
240 241 = 238
242 243 = 238
244 245 = 238
246 247 = 238
248 249 = 238
250 251 = 238
252 253 = 238
254 255 = 238
256 257 = 238
258 259 = 238
260 261 = 238
262 263 = 238
264 265 = 238
266 267 = 238
268 269 = 238
270 271 = 238
272 273 = 238
274 275 = 238
276 277 = 238
278 279 = 238
280 281 = 238
282 283 = 238
284 285 = 238
286 287 = 238
288 289 = 238
290 291 = 238
292 293 = 238
294 295 = 238
296 297 = 238
298 299 = 238
300 301 = 238
302 303 = 238
304 305 = 238
306 307 = 238
308 309 = 238
310 311 = 238
312 313 = 238
314 315 = 238
316 317 = 238
318 319 = 238
320 321 = 238
322 323 = 238
324 325 = 238
326 327 = 238
328 329 = 238
330 331 = 238
332 333 = 238
334 335 = 238
336 337 = 238
338 339 = 238
340 341 = 238
342 343 = 238
344 345 = 238
346 347 = 238
348 349 = 238
350 351 = 238
352 353 = 238
354 355 = 238
356 357 = 238
358 359 = 238
360 361 = 238
362 363 = 238
364 365 = 238
366 367 = 238
368 369 = 238
370 371 = 238
372 373 = 238
374 375 = 238
376 377 = 238
378 379 = 238
380 381 = 238
382 383 = 238
384 385 = 238
386 387 = 238
388 389 = 238
390 391 = 238
392 393 = 238
394 395 = 238
396 397 = 238
398 399 = 238
400 401 = 238
402 403 = 238
404 405 = 238
406 407 = 238
408 409 = 238
410 411 = 238
412 413 = 238
414 415 = 238
416 417 = 238
418 419 = 238
420 421 = 238
422 423 = 238
424 425 = 238
426 427 = 238
428 429 = 238
430 431 = 238
432 433 = 238
434 435 = 238
436 437 = 238
438 439 = 238
440 441 = 238
442 443 = 238
444 445 = 238
446 447 = 238
448 449 = 238
450 451 = 238
452 453 = 238
454 455 = 238
456 457 = 238
458 459 = 238
460 461 = 238
462 463 = 238
464 465 = 238
466 467 = 238
468 469 = 238
470 471 = 238
472 473 = 238
474 475 = 238
476 477 = 238
478 479 = 238
480 481 = 238
482 483 = 238
484 485 = 238
486 487 = 238
488 489 = 238
490 491 = 238
492 493 = 238
494 495 = 238
496 497 = 238
498 499 = 238
500 501 = 238
502 503 = 238
504 505 = 238
506 507 = 238
508 509 = 238
510 511 = 238
512 513 = 238
514 515 = 238
516 517 = 238
518 519 = 238
520 521 = 238
522 523 = 238
524 525 = 238
526 527 = 238
528 529 = 238
530 531 = 238
532 533 = 238
534 535 = 238
536 537 = 238
538 539 = 238
540 541 = 238
542 543 = 238
544 545 = 238
546 547 = 238
548 549 = 238
550 551 = 238
552 553 = 238
554 555 = 238
556 557 = 238
558 559 = 238
560 561 = 238
562 563 = 238
564 565 = 238
566 567 = 238
568 569 = 238
570 571 = 238
572 573 = 238
574 575 = 238
576 577 = 238
578 579 = 238
580 581 = 238
582 583 = 238
584 585 = 238
586 587 = 238
588 589 = 238
590 591 = 238
592 593 = 238
594 595 = 238
596 597 = 238
598 599 = 238
600 601 = 238
602 603 = 238
604 605 = 238
606 607 = 238
608 609 = 238
610 611 = 238
612 613 = 238
614 615 = 238
616 617 = 238
618 619 = 238
620 621 = 238
622 623 = 238
624 625 = 238
626 627 = 238
628 629 = 238
630 631 = 238
632 633 = 238
634 635 = 238
636 637 = 238
638 639 = 238
640 641 = 238
642 643 = 238
644 645 = 238
646 647 = 238
648 649 = 238
650 651 = 238
652 653 = 238
654 655 = 238
656 657 = 238
658 659 = 238
660 661 = 238
662 663 = 238
664 665 = 238
666 667 = 238
668 669 = 238
670 671 = 238
672 673 = 238
674 675 = 238
676 677 = 238
678 679 = 238
2 4 > 59
3 5 > 59
6 8 > 59
7 9 > 59
24 26 > 59
25 27 > 59
34 36 > 59
35 37 > 59
58 61 > 59
59 60 > 59
62 64 > 59
62 506 > 59
62 508 > 59
63 65 > 59
63 507 > 59
63 509 > 59
64 506 > 59
64 508 > 59
65 507 > 59
65 509 > 59
70 72 > 59
71 73 > 59
74 76 > 59
75 77 > 59
86 88 > 68
87 89 > 68
90 92 > 59
91 93 > 59
100 106 > 59
101 107 > 59
102 104 > 59
103 105 > 59
120 335 > 39
121 334 > 39
130 132 > 59
131 133 > 59
134 136 > 59
135 137 > 59
138 140 > 59
138 502 > 59
138 504 > 59
139 141 > 59
139 503 > 59
139 505 > 59
140 502 > 59
140 504 > 59
141 503 > 59
141 505 > 59
142 498 > 59
143 499 > 59
146 148 > 59
147 149 > 59
160 500 > 59
161 501 > 59
164 166 > 59
165 167 > 59
168 170 > 59
169 171 > 59
176 178 > 59
177 179 > 59
180 182 > 59
181 183 > 59
184 186 > 59
185 187 > 59
188 190 > 59
189 191 > 59
194 196 > 59
195 197 > 59
202 511 > 59
202 513 > 59
203 510 > 59
203 512 > 59
204 206 > 59
205 207 > 59
208 210 > 59
209 211 > 59
264 604 > 55
265 605 > 55
298 300 > 39
299 301 > 39
320 563 > 80
321 562 > 80
326 328 > 39
327 329 > 39
370 469 > 54
371 468 > 54
454 456 > 39
455 457 > 39
502 504 > 59
503 505 > 59
506 508 > 59
507 509 > 59
510 512 > 59
511 513 > 59
514 516 > 39
515 517 > 39
520 522 > 39
521 523 > 39
652 654 > 39
653 655 > 39
656 658 > 39
657 659 > 39
0 78 > 8
0 99 > 10
0 640 > 10
0 665 > 8
0 667 > 19
1 79 > 10
1 98 > 10
1 641 > 12
1 664 > 10
1 666 > 20
2 79 > 10
2 630 > 5
3 78 > 9
4 79 > 10
4 630 > 5
5 78 > 9
5 631 > 5
6 370 > 9
6 412 > 11
6 469 > 7
6 552 > 20
7 185 > 5
7 187 > 5
7 371 > 9
7 413 > 11
7 468 > 8
7 553 > 12
8 370 > 9
8 412 > 11
8 469 > 7
8 552 > 20
9 185 > 5
9 187 > 5
9 371 > 9
9 413 > 11
9 468 > 8
9 553 > 12
14 42 > 7
14 47 > 7
14 672 > 7
15 43 > 5
15 673 > 5
17 286 > 6
22 30 > 10
22 31 > 5
24 613 > 24
25 612 > 19
26 613 > 24
27 612 > 19
30 32 > 11
31 33 > 4
31 460 > 2
31 569 > 3
31 647 > 3
32 154 > 8
33 155 > 3
34 427 > 4
34 532 > 6
34 551 > 3
35 426 > 6
35 533 > 9
35 550 > 6
35 564 > 4
36 427 > 4
36 532 > 6
36 551 > 3
37 426 > 6
37 533 > 9
37 550 > 6
37 564 > 4
38 323 > 5
39 306 > 19
39 322 > 5
40 43 > 25
40 45 > 20
40 47 > 32
40 53 > 34
40 304 > 24
40 673 > 25
41 42 > 7
41 46 > 30
41 52 > 20
41 672 > 7
42 52 > 10
42 628 > 6
43 53 > 7
44 46 > 6
45 53 > 6
46 305 > 13
47 53 > 6
47 304 > 6
52 672 > 10
53 306 > 24
53 628 > 7
53 673 > 7
54 56 > 16
54 66 > 9
54 80 > 4
54 81 > 7
54 84 > 10
54 85 > 24
54 110 > 18
54 111 > 8
54 264 > 20
54 268 > 8
54 284 > 9
54 291 > 18
54 376 > 29
54 433 > 9
54 470 > 9
54 526 > 6
54 604 > 20
54 606 > 9
54 607 > 7
54 674 > 9
54 675 > 9
55 57 > 13
55 59 > 8
55 67 > 4
55 80 > 6
55 81 > 4
55 82 > 4
55 83 > 3
55 84 > 22
55 85 > 13
55 111 > 12
55 265 > 20
55 285 > 10
55 290 > 18
55 377 > 29
55 432 > 8
55 471 > 9
55 605 > 20
55 606 > 9
55 607 > 7
55 609 > 6
55 674 > 11
55 675 > 7
56 66 > 7
56 67 > 6
56 68 > 11
56 69 > 11
56 80 > 3
56 81 > 3
56 84 > 9
56 85 > 16
56 102 > 9
56 104 > 9
56 110 > 10
56 111 > 8
56 264 > 15
56 291 > 12
56 376 > 33
56 433 > 14
56 470 > 10
56 604 > 15
56 607 > 8
56 608 > 11
57 66 > 6
57 67 > 8
57 68 > 7
57 69 > 8
57 84 > 12
57 85 > 9
57 110 > 9
57 111 > 12
57 265 > 24
57 285 > 9
57 290 > 12
57 377 > 35
57 432 > 23
57 471 > 10
57 554 > 8
57 555 > 9
57 605 > 24
57 606 > 8
57 609 > 11
57 674 > 7
58 68 > 7
58 81 > 2
58 85 > 7
58 100 > 12
58 101 > 7
58 106 > 12
58 164 > 8
58 166 > 8
58 428 > 10
58 429 > 22
58 431 > 12
58 433 > 8
58 608 > 10
59 68 > 9
59 84 > 7
59 100 > 10
59 101 > 14
59 106 > 10
59 107 > 18
59 290 > 8
59 428 > 19
59 429 > 10
59 607 > 7
59 674 > 9
60 68 > 7
60 101 > 10
60 107 > 11
60 428 > 13
61 69 > 3
61 80 > 2
61 81 > 3
61 85 > 8
61 100 > 10
61 106 > 10
61 429 > 15
61 431 > 9
61 470 > 7
61 606 > 7
61 675 > 7
62 139 > 3
62 141 > 3
62 142 > 12
62 146 > 8
62 148 > 8
62 205 > 9
62 498 > 12
62 503 > 3
62 505 > 3
62 567 > 9
63 138 > 7
63 140 > 7
63 143 > 11
63 147 > 8
63 149 > 8
63 204 > 7
63 206 > 7
63 499 > 11
63 502 > 7
63 504 > 7
64 139 > 3
64 141 > 3
64 142 > 12
64 146 > 8
64 148 > 8
64 205 > 9
64 498 > 12
64 503 > 3
64 505 > 3
64 567 > 9
65 138 > 7
65 140 > 7
65 143 > 11
65 147 > 8
65 149 > 8
65 204 > 7
65 206 > 7
65 499 > 11
65 502 > 7
65 504 > 7
66 69 > 4
66 80 > 6
66 81 > 7
66 82 > 2
66 84 > 11
66 85 > 21
66 103 > 8
66 105 > 8
66 110 > 7
66 111 > 3
66 160 > 3
66 165 > 2
66 167 > 2
66 264 > 22
66 284 > 8
66 291 > 25
66 376 > 24
66 432 > 18
66 433 > 23
66 454 > 5
66 456 > 6
66 470 > 8
66 500 > 3
66 604 > 22
66 606 > 12
66 607 > 8
66 674 > 9
66 675 > 12
67 68 > 4
67 80 > 6
67 81 > 4
67 82 > 2
67 84 > 11
67 85 > 11
67 102 > 6
67 104 > 6
67 110 > 6
67 111 > 20
67 161 > 3
67 164 > 3
67 166 > 3
67 264 > 4
67 265 > 5
67 285 > 4
67 290 > 6
67 432 > 5
67 433 > 4
67 455 > 5
67 457 > 5
67 471 > 7
67 501 > 3
67 555 > 5
67 604 > 4
67 605 > 5
67 606 > 11
67 607 > 3
67 609 > 3
67 674 > 10
67 675 > 7
68 80 > 2
68 81 > 2
68 84 > 6
68 85 > 9
68 101 > 8
68 102 > 5
68 104 > 5
68 110 > 5
68 111 > 5
68 177 > 5
68 179 > 5
68 264 > 7
68 376 > 21
68 389 > 5
68 432 > 4
68 433 > 7
68 454 > 5
68 456 > 4
68 471 > 12
68 555 > 4
68 604 > 7
68 608 > 5
69 81 > 3
69 82 > 1
69 84 > 10
69 85 > 8
69 100 > 4
69 103 > 3
69 105 > 3
69 106 > 4
69 107 > 3
69 110 > 3
69 111 > 3
69 176 > 5
69 178 > 5
69 265 > 23
69 377 > 4
69 388 > 4
69 428 > 5
69 432 > 25
69 455 > 5
69 457 > 5
69 470 > 13
69 554 > 4
69 605 > 23
69 609 > 6
70 202 > 7
70 204 > 7
70 511 > 7
70 513 > 7
71 203 > 5
71 205 > 7
71 207 > 3
71 208 > 3
71 210 > 3
71 510 > 8
71 512 > 8
72 202 > 7
72 204 > 7
72 511 > 7
72 513 > 7
73 203 > 5
73 205 > 7
73 207 > 3
73 208 > 3
73 210 > 3
73 510 > 8
73 512 > 8
74 195 > 11
74 197 > 11
74 318 > 8
74 366 > 8
75 194 > 16
75 196 > 16
75 367 > 8
75 537 > 7
76 195 > 11
76 197 > 11
76 318 > 8
76 366 > 8
77 194 > 16
77 196 > 16
77 367 > 8
77 537 > 7
80 85 > 9
80 102 > 2
80 104 > 2
80 110 > 5
80 285 > 5
80 290 > 6
80 376 > 2
80 428 > 3
80 429 > 5
80 542 > 4
80 545 > 3
80 554 > 4
80 607 > 8
80 674 > 12
81 84 > 6
81 101 > 3
81 102 > 6
81 103 > 2
81 104 > 6
81 105 > 2
81 107 > 4
81 110 > 7
81 111 > 3
81 164 > 1
81 165 > 4
81 166 > 1
81 167 > 4
81 264 > 3
81 265 > 4
81 268 > 3
81 284 > 4
81 291 > 5
81 428 > 6
81 429 > 5
81 432 > 4
81 463 > 2
81 554 > 5
81 604 > 3
81 605 > 4
81 606 > 9
81 609 > 3
81 675 > 11
82 84 > 13
82 101 > 3
82 102 > 4
82 104 > 4
82 107 > 4
82 110 > 5
82 165 > 4
82 167 > 4
82 176 > 4
82 177 > 4
82 178 > 4
82 179 > 4
82 233 > 3
82 241 > 23
82 265 > 3
82 269 > 7
82 285 > 3
82 290 > 5
82 316 > 3
82 432 > 2
82 462 > 4
82 527 > 8
82 558 > 3
82 559 > 2
82 605 > 3
83 85 > 7
83 176 > 6
83 177 > 5
83 178 > 6
83 179 > 5
83 232 > 5
83 239 > 3
83 240 > 9
83 268 > 6
83 285 > 1
83 290 > 3
83 317 > 6
83 526 > 8
83 596 > 3
83 597 > 2
84 102 > 7
84 103 > 10
84 104 > 7
84 105 > 10
84 107 > 9
84 110 > 9
84 111 > 13
84 161 > 8
84 165 > 8
84 167 > 8
84 176 > 9
84 177 > 12
84 178 > 9
84 179 > 12
84 233 > 10
84 241 > 14
84 264 > 12
84 265 > 13
84 269 > 28
84 284 > 8
84 285 > 18
84 290 > 22
84 291 > 10
84 316 > 9
84 376 > 9
84 377 > 25
84 428 > 10
84 432 > 10
84 433 > 9
84 455 > 11
84 457 > 11
84 462 > 8
84 470 > 11
84 471 > 7
84 501 > 8
84 527 > 12
84 604 > 12
84 605 > 13
84 607 > 9
84 608 > 9
84 609 > 7
84 674 > 10
84 675 > 9
85 102 > 10
85 103 > 6
85 104 > 10
85 105 > 6
85 107 > 7
85 110 > 14
85 111 > 12
85 176 > 3
85 178 > 3
85 232 > 7
85 240 > 18
85 264 > 13
85 265 > 7
85 268 > 32
85 284 > 12
85 285 > 7
85 290 > 8
85 291 > 25
85 317 > 9
85 376 > 14
85 428 > 9
85 429 > 13
85 433 > 12
85 470 > 9
85 471 > 8
85 526 > 10
85 554 > 12
85 596 > 9
85 604 > 13
85 605 > 7
85 606 > 7
85 607 > 7
85 608 > 10
85 674 > 11
85 675 > 8
87 114 > 10
87 491 > 11
89 114 > 10
89 491 > 11
90 238 > 11
90 462 > 8
91 168 > 7
91 170 > 7
91 239 > 11
91 317 > 8
91 463 > 9
92 238 > 11
92 462 > 8
93 168 > 7
93 170 > 7
93 239 > 11
93 317 > 8
93 463 > 9
94 632 > 6
96 630 > 6
97 631 > 6
98 641 > 13
99 640 > 15
100 103 > 12
100 105 > 12
100 164 > 11
100 166 > 11
100 429 > 12
100 431 > 8
100 463 > 7
100 470 > 7
101 102 > 7
101 104 > 7
101 165 > 8
101 167 > 8
101 428 > 11
101 429 > 8
101 470 > 8
102 107 > 9
102 110 > 9
102 165 > 7
102 167 > 7
102 470 > 11
102 606 > 8
102 675 > 7
103 106 > 12
103 111 > 22
103 164 > 6
103 166 > 6
103 433 > 20
103 470 > 7
104 107 > 9
104 110 > 9
104 165 > 7
104 167 > 7
104 470 > 11
104 606 > 8
104 675 > 7
105 106 > 12
105 111 > 22
105 164 > 6
105 166 > 6
105 433 > 20
105 470 > 7
106 164 > 8
106 166 > 7
106 429 > 10
106 470 > 7
106 471 > 6
107 165 > 4
107 167 > 3
107 428 > 9
107 470 > 10
108 128 > 7
108 129 > 11
108 188 > 12
108 190 > 12
108 218 > 14
108 219 > 12
108 222 > 12
108 226 > 20
108 229 > 11
108 230 > 12
108 346 > 8
108 347 > 8
108 548 > 9
109 128 > 6
109 129 > 8
109 189 > 13
109 191 > 13
109 218 > 13
109 219 > 16
109 222 > 10
109 223 > 9
109 226 > 12
109 227 > 13
109 229 > 9
109 230 > 9
109 231 > 10
109 346 > 19
109 347 > 9
109 348 > 11
109 549 > 7
110 160 > 4
110 284 > 9
110 376 > 21
110 470 > 9
110 471 > 8
110 500 > 4
110 554 > 25
110 558 > 10
110 559 > 5
110 606 > 12
110 674 > 8
110 675 > 10
111 377 > 23
111 470 > 7
111 555 > 20
112 591 > 7
112 592 > 8
113 590 > 8
113 593 > 10
116 580 > 23
117 581 > 14
120 150 > 19
120 168 > 4
120 170 > 3
120 174 > 4
121 151 > 4
122 201 > 4
123 200 > 4
123 254 > 7
123 255 > 4
124 199 > 4
124 525 > 24
125 198 > 9
125 524 > 5
125 525 > 13
126 282 > 7
126 283 > 4
127 282 > 6
127 283 > 7
127 417 > 5
128 188 > 5
128 190 > 5
128 223 > 6
128 229 > 4
128 347 > 5
128 528 > 7
128 549 > 22
129 189 > 5
129 191 > 5
129 222 > 20
129 347 > 3
129 529 > 6
129 548 > 31
130 373 > 10
130 416 > 7
130 458 > 3
131 372 > 8
131 399 > 4
131 417 > 6
131 459 > 4
132 373 > 10
132 416 > 7
132 458 > 3
133 372 > 8
133 399 > 3
133 417 > 5
133 459 > 4
134 138 > 8
134 140 > 8
134 142 > 8
134 156 > 3
134 397 > 20
134 421 > 4
134 443 > 4
134 498 > 8
134 502 > 8
134 504 > 8
134 566 > 5
135 139 > 5
135 141 > 5
135 143 > 4
135 157 > 3
135 368 > 4
135 396 > 6
135 421 > 4
135 442 > 5
135 499 > 4
135 503 > 5
135 505 > 5
136 138 > 8
136 140 > 8
136 142 > 8
136 156 > 4
136 397 > 20
136 421 > 4
136 443 > 4
136 498 > 8
136 502 > 8
136 504 > 8
136 566 > 5
137 139 > 5
137 141 > 5
137 143 > 5
137 157 > 3
137 368 > 5
137 396 > 6
137 421 > 4
137 442 > 5
137 499 > 5
137 503 > 5
137 505 > 5
138 142 > 12
138 369 > 25
138 397 > 25
138 420 > 10
138 498 > 12
138 507 > 7
138 509 > 7
139 143 > 8
139 368 > 25
139 396 > 23
139 420 > 5
139 421 > 20
139 499 > 8
139 506 > 3
139 508 > 3
139 566 > 4
140 142 > 12
140 369 > 25
140 397 > 25
140 420 > 10
140 498 > 12
140 507 > 7
140 509 > 7
141 143 > 8
141 368 > 25
141 396 > 23
141 420 > 5
141 421 > 20
141 499 > 8
141 506 > 3
141 508 > 3
141 566 > 4
142 146 > 7
142 148 > 7
142 205 > 8
142 369 > 8
142 397 > 26
142 502 > 12
142 504 > 12
142 506 > 12
142 508 > 12
143 147 > 5
143 149 > 5
143 204 > 4
143 206 > 4
143 368 > 6
143 396 > 21
143 420 > 5
143 503 > 8
143 505 > 8
143 507 > 11
143 509 > 11
144 181 > 3
144 183 > 3
144 560 > 5
145 180 > 3
145 182 > 3
146 205 > 9
146 498 > 7
146 506 > 8
146 508 > 8
147 204 > 3
147 206 > 3
147 499 > 5
147 507 > 8
147 509 > 8
148 205 > 9
148 498 > 7
148 506 > 8
148 508 > 8
149 204 > 3
149 206 > 3
149 397 > 4
149 499 > 5
149 507 > 8
149 509 > 8
150 168 > 5
150 170 > 5
150 174 > 9
150 335 > 13
150 462 > 3
151 169 > 5
151 171 > 5
151 175 > 9
151 334 > 5
152 311 > 3
152 419 > 18
153 310 > 5
153 418 > 4
154 156 > 3
154 569 > 4
155 157 > 3
155 552 > 8
155 553 > 6
156 443 > 6
157 442 > 6
158 162 > 5
158 195 > 3
158 197 > 3
158 246 > 4
158 247 > 5
158 252 > 3
158 360 > 4
158 361 > 3
158 519 > 4
158 521 > 12
158 523 > 12
159 162 > 4
159 242 > 3
159 247 > 5
159 251 > 4
159 252 > 4
159 263 > 3
159 318 > 3
159 333 > 2
159 360 > 3
159 361 > 3
159 363 > 3
159 520 > 19
159 521 > 7
159 522 > 19
159 523 > 7
159 537 > 4
159 539 > 4
160 456 > 4
164 168 > 4
164 170 > 4
164 429 > 5
164 471 > 4
164 472 > 3
164 526 > 3
164 675 > 7
165 169 > 4
165 171 > 4
165 470 > 11
165 473 > 3
166 168 > 4
166 170 > 4
166 429 > 5
166 471 > 3
166 472 > 3
166 526 > 2
166 675 > 7
167 169 > 4
167 171 > 4
167 470 > 11
167 473 > 3
168 174 > 4
168 335 > 4
168 431 > 3
168 472 > 3
169 175 > 4
169 334 > 3
170 174 > 4
170 335 > 4
170 431 > 3
170 472 > 3
171 175 > 4
172 175 > 3
172 177 > 4
172 179 > 3
173 174 > 3
173 176 > 3
173 178 > 3
174 176 > 4
174 178 > 4
174 335 > 4
174 462 > 4
175 177 > 4
175 179 > 4
175 334 > 3
176 269 > 3
176 388 > 4
176 455 > 3
176 457 > 3
176 470 > 10
177 317 > 4
177 389 > 4
177 454 > 4
177 471 > 8
178 388 > 4
178 470 > 10
179 317 > 4
179 389 > 4
179 454 > 4
179 471 > 8
184 370 > 5
184 407 > 5
184 412 > 5
184 444 > 5
184 469 > 9
184 552 > 31
185 371 > 6
185 413 > 7
185 468 > 8
185 553 > 20
186 370 > 5
186 407 > 5
186 412 > 5
186 444 > 5
186 469 > 9
186 552 > 31
187 371 > 6
187 413 > 7
187 468 > 8
187 553 > 19
188 223 > 5
188 226 > 4
188 229 > 6
188 230 > 4
188 528 > 6
188 549 > 7
189 218 > 4
189 219 > 4
189 227 > 4
189 228 > 22
189 529 > 5
189 548 > 5
190 223 > 5
190 226 > 4
190 229 > 6
190 230 > 4
190 528 > 6
190 549 > 7
191 218 > 4
191 219 > 4
191 227 > 4
191 228 > 22
191 529 > 5
191 548 > 5
192 404 > 6
192 446 > 7
193 379 > 4
193 405 > 5
193 414 > 3
193 447 > 7
193 448 > 7
194 216 > 22
194 243 > 4
194 367 > 7
194 514 > 19
194 516 > 19
195 217 > 4
195 366 > 3
196 216 > 22
196 243 > 4
196 367 > 7
196 514 > 19
196 516 > 19
197 217 > 4
197 366 > 3
198 497 > 4
198 524 > 5
198 525 > 6
198 678 > 3
199 496 > 6
199 679 > 3
200 254 > 8
200 255 > 5
200 267 > 3
201 255 > 18
201 266 > 8
201 267 > 5
202 208 > 6
202 210 > 6
203 209 > 7
203 211 > 7
204 209 > 9
204 211 > 9
204 499 > 4
204 507 > 7
204 509 > 7
205 208 > 9
205 210 > 8
205 498 > 8
205 506 > 9
205 508 > 9
206 209 > 7
206 211 > 7
206 499 > 4
206 507 > 7
206 509 > 7
207 208 > 7
207 210 > 7
208 511 > 6
208 513 > 7
209 510 > 7
209 512 > 8
210 511 > 6
210 513 > 6
211 510 > 7
211 512 > 7
212 374 > 20
213 375 > 7
214 447 > 2
216 242 > 7
216 249 > 23
216 318 > 26
216 514 > 28
216 516 > 28
217 248 > 23
217 319 > 28
217 515 > 28
217 517 > 28
218 223 > 19
218 228 > 12
226 229 > 20
226 230 > 27
227 228 > 21
227 231 > 23
228 231 > 23
231 347 > 19
234 238 > 7
234 596 > 11
235 239 > 5
235 597 > 8
236 318 > 19
237 244 > 20
240 526 > 25
241 269 > 19
241 527 > 18
242 295 > 9
242 514 > 7
242 516 > 7
244 359 > 9
245 358 > 10
246 252 > 11
246 258 > 20
247 253 > 12
248 319 > 40
248 515 > 26
248 517 > 26
249 318 > 40
249 514 > 24
249 516 > 24
251 518 > 21
254 355 > 7
254 359 > 7
254 365 > 8
255 358 > 10
255 364 > 9
258 294 > 18
259 295 > 7
260 320 > 29
260 563 > 29
261 321 > 32
261 562 > 32
263 356 > 5
264 376 > 31
264 433 > 33
264 470 > 12
264 608 > 23
265 377 > 31
265 428 > 20
265 432 > 33
265 471 > 10
265 609 > 25
267 364 > 6
269 527 > 5
272 345 > 10
273 344 > 18
274 350 > 23
275 351 > 20
276 547 > 38
277 546 > 30
278 281 > 20
278 561 > 37
279 280 > 26
279 560 > 45
280 547 > 27
284 291 > 23
284 554 > 5
284 606 > 8
284 675 > 4
285 290 > 19
285 607 > 9
285 674 > 9
286 293 > 20
286 616 > 6
286 617 > 10
286 623 > 12
286 662 > 7
287 292 > 9
290 471 > 8
290 607 > 9
290 674 > 11
291 606 > 8
291 675 > 18
293 535 > 7
295 318 > 9
304 306 > 21
306 309 > 19
306 629 > 24
307 628 > 20
308 634 > 20
309 635 > 20
312 354 > 8
312 364 > 7
313 355 > 18
318 514 > 28
318 516 > 28
319 515 > 28
319 517 > 28
330 460 > 5
331 461 > 5
333 356 > 5
342 422 > 6
343 425 > 20
346 348 > 11
347 349 > 11
351 352 > 6
354 364 > 9
354 387 > 5
355 365 > 7
356 363 > 5
359 540 > 5
368 499 > 6
368 503 > 25
368 505 > 25
368 566 > 20
369 498 > 8
369 502 > 25
369 504 > 25
370 552 > 23
371 553 > 14
376 433 > 30
376 470 > 18
376 555 > 28
376 604 > 31
376 607 > 8
376 608 > 23
377 432 > 24
377 471 > 21
377 605 > 31
377 609 > 25
378 400 > 6
378 449 > 40
378 552 > 8
378 553 > 10
379 448 > 23
379 458 > 1
388 470 > 8
390 581 > 9
391 580 > 11
392 579 > 7
394 436 > 5
396 499 > 21
396 503 > 23
396 505 > 23
397 498 > 26
397 502 > 25
397 504 > 25
399 552 > 7
399 553 > 8
400 530 > 10
400 552 > 10
401 531 > 9
402 409 > 8
402 431 > 6
403 408 > 7
403 430 > 7
404 552 > 7
406 469 > 9
406 552 > 10
406 553 > 15
407 468 > 9
407 552 > 13
407 553 > 12
410 469 > 9
410 552 > 10
410 553 > 11
411 468 > 9
411 553 > 10
412 469 > 11
412 552 > 27
413 468 > 10
413 553 > 17
420 499 > 5
420 502 > 10
420 503 > 5
420 504 > 10
420 505 > 5
421 503 > 20
421 505 > 20
422 424 > 8
422 441 > 11
422 583 > 6
423 425 > 10
423 440 > 5
426 553 > 8
426 564 > 28
427 552 > 8
427 553 > 10
427 565 > 25
428 432 > 22
428 470 > 8
428 605 > 20
428 606 > 7
428 675 > 10
429 470 > 12
429 606 > 9
429 675 > 11
431 470 > 7
432 471 > 10
432 605 > 33
432 609 > 25
433 470 > 10
433 604 > 33
433 608 > 23
435 580 > 23
442 553 > 10
443 553 > 9
444 552 > 13
444 553 > 12
445 552 > 14
446 552 > 8
447 552 > 7
449 552 > 7
451 453 > 6
455 470 > 8
456 500 > 4
457 470 > 8
458 465 > 3
463 558 > 9
466 528 > 2
466 533 > 5
467 529 > 2
467 532 > 10
468 553 > 12
468 565 > 7
469 552 > 20
469 564 > 8
470 558 > 8
470 604 > 12
470 608 > 8
471 605 > 10
471 609 > 9
496 679 > 3
497 678 > 2
498 502 > 12
498 504 > 12
498 506 > 12
498 508 > 12
499 503 > 8
499 505 > 8
499 507 > 11
499 509 > 11
502 507 > 7
502 509 > 7
503 506 > 3
503 508 > 3
503 566 > 4
504 507 > 7
504 509 > 7
505 506 > 3
505 508 > 3
505 566 > 4
506 567 > 9
508 567 > 9
530 552 > 10
531 552 > 10
531 553 > 10
532 551 > 13
532 552 > 8
532 553 > 9
533 550 > 13
550 552 > 7
552 564 > 9
552 565 > 9
552 569 > 10
552 570 > 10
552 571 > 8
552 572 > 8
552 573 > 7
552 574 > 7
552 578 > 8
552 579 > 8
552 581 > 8
553 564 > 10
553 567 > 7
553 568 > 9
553 569 > 8
553 571 > 7
553 572 > 7
553 577 > 8
553 578 > 7
553 579 > 9
553 581 > 9
554 606 > 9
554 675 > 7
588 591 > 18
589 590 > 12
604 608 > 23
605 609 > 25
606 675 > 11
607 674 > 10
616 622 > 13
617 621 > 3
617 623 > 12
618 638 > 7
619 639 > 2
620 622 > 9
620 625 > 7
620 638 > 11
621 623 > 8
621 624 > 7
621 639 > 13
622 625 > 2
622 638 > 15
623 624 > 4
623 639 > 13
624 639 > 10
625 638 > 9
626 639 > 5
628 672 > 6
630 669 > 6
631 668 > 7
640 667 > 23
641 666 > 29
647 670 > 6
5 303 > 2
6 184 > 2
6 186 > 2
8 184 > 2
8 186 > 2
10 324 > 2
10 326 > 2
10 328 > 2
10 657 > 2
10 659 > 2
11 325 > 2
11 327 > 2
11 329 > 2
11 656 > 2
11 658 > 2
12 20 > 2
12 326 > 2
12 328 > 2
12 637 > 2
13 21 > 2
13 327 > 2
13 329 > 2
13 636 > 2
15 46 > 2
16 615 > 2
17 614 > 2
18 20 > 2
18 22 > 2
18 50 > 2
18 636 > 2
19 21 > 2
19 23 > 2
19 51 > 2
19 637 > 2
20 22 > 2
20 637 > 2
20 649 > 2
20 661 > 2
21 23 > 2
21 636 > 2
21 648 > 2
21 660 > 2
22 649 > 2
23 648 > 2
24 461 > 2
24 646 > 2
25 460 > 2
25 647 > 2
26 461 > 2
26 646 > 2
27 460 > 2
27 647 > 2
28 256 > 2
28 524 > 2
29 257 > 2
29 525 > 2
38 307 > 2
38 308 > 2
38 475 > 2
38 635 > 2
39 309 > 2
39 474 > 2
39 634 > 2
41 44 > 2
42 44 > 2
42 46 > 2
43 45 > 2
43 47 > 2
44 52 > 2
44 672 > 2
45 47 > 2
45 673 > 2
46 52 > 2
46 672 > 2
47 673 > 2
48 50 > 2
48 330 > 2
48 460 > 2
49 51 > 2
49 331 > 2
49 461 > 2
50 636 > 2
51 637 > 2
54 608 > 2
62 207 > 2
64 207 > 2
70 206 > 2
70 209 > 2
70 211 > 2
72 206 > 2
72 209 > 2
72 211 > 2
74 217 > 2
75 216 > 2
76 217 > 2
77 216 > 2
78 99 > 2
78 640 > 2
79 98 > 2
79 641 > 2
90 316 > 2
92 316 > 2
94 96 > 2
94 325 > 2
95 97 > 2
95 324 > 2
95 633 > 2
96 98 > 2
97 99 > 2
98 630 > 2
99 631 > 2
110 241 > 2
110 462 > 2
111 240 > 2
111 463 > 2
114 491 > 2
115 490 > 2
116 118 > 2
116 213 > 2
116 375 > 2
116 391 > 2
116 405 > 2
116 435 > 2
117 119 > 2
117 212 > 2
117 374 > 2
117 390 > 2
117 404 > 2
117 434 > 2
118 214 > 2
119 215 > 2
120 212 > 2
121 169 > 2
121 171 > 2
121 175 > 2
121 213 > 2
134 369 > 2
136 369 > 2
142 207 > 2
146 207 > 2
148 207 > 2
160 454 > 2
161 455 > 2
161 457 > 2
169 473 > 2
171 334 > 2
171 473 > 2
177 456 > 2
178 455 > 2
178 457 > 2
179 456 > 2
192 215 > 2
193 214 > 2
207 498 > 2
207 506 > 2
207 508 > 2
212 335 > 2
212 390 > 2
212 404 > 2
212 434 > 2
212 581 > 2
213 334 > 2
213 391 > 2
213 405 > 2
213 435 > 2
213 580 > 2
214 405 > 2
215 404 > 2
215 446 > 2
216 259 > 2
216 295 > 2
216 367 > 2
217 243 > 2
217 258 > 2
217 294 > 2
217 366 > 2
218 227 > 2
218 231 > 2
219 222 > 2
219 226 > 2
219 229 > 2
219 230 > 2
220 225 > 2
221 224 > 2
222 226 > 2
222 229 > 2
222 230 > 2
222 315 > 2
223 227 > 2
223 228 > 2
223 231 > 2
223 314 > 2
224 227 > 2
225 226 > 2
229 230 > 2
230 346 > 2
230 548 > 2
231 549 > 2
232 234 > 2
232 238 > 2
232 240 > 2
232 268 > 2
232 317 > 2
232 526 > 2
232 596 > 2
233 235 > 2
233 239 > 2
233 241 > 2
233 269 > 2
233 316 > 2
233 527 > 2
233 597 > 2
234 289 > 2
235 288 > 2
236 245 > 2
236 248 > 2
236 367 > 2
236 537 > 2
236 540 > 2
237 249 > 2
237 366 > 2
237 536 > 2
237 541 > 2
238 316 > 2
238 596 > 2
239 317 > 2
239 597 > 2
240 268 > 2
240 317 > 2
240 463 > 2
241 316 > 2
241 462 > 2
242 249 > 2
242 259 > 2
242 262 > 2
242 318 > 2
242 332 > 2
242 357 > 2
242 362 > 2
243 248 > 2
243 258 > 2
243 263 > 2
243 294 > 2
243 319 > 2
243 333 > 2
243 356 > 2
243 363 > 2
243 515 > 2
243 517 > 2
244 254 > 2
244 536 > 2
244 541 > 2
245 255 > 2
245 537 > 2
245 540 > 2
246 250 > 2
246 360 > 2
246 519 > 2
247 251 > 2
247 259 > 2
247 361 > 2
247 518 > 2
248 258 > 2
248 294 > 2
248 367 > 2
249 259 > 2
249 295 > 2
249 366 > 2
250 260 > 2
250 320 > 2
250 360 > 2
250 519 > 2
250 556 > 2
250 563 > 2
251 261 > 2
251 321 > 2
251 361 > 2
251 557 > 2
251 562 > 2
252 258 > 2
253 259 > 2
254 266 > 2
254 313 > 2
255 267 > 2
255 312 > 2
255 354 > 2
256 312 > 2
256 385 > 2
256 524 > 2
257 313 > 2
257 384 > 2
257 525 > 2
258 319 > 2
258 515 > 2
258 517 > 2
259 318 > 2
259 514 > 2
259 516 > 2
260 556 > 2
261 557 > 2
262 332 > 2
262 357 > 2
262 362 > 2
263 333 > 2
263 363 > 2
266 274 > 2
266 313 > 2
266 350 > 2
266 353 > 2
266 355 > 2
266 365 > 2
267 275 > 2
267 312 > 2
267 351 > 2
267 352 > 2
267 354 > 2
268 290 > 2
268 317 > 2
268 526 > 2
269 291 > 2
269 316 > 2
270 272 > 2
270 276 > 2
271 273 > 2
271 277 > 2
274 353 > 2
274 677 > 2
275 352 > 2
275 676 > 2
276 280 > 2
277 281 > 2
280 560 > 2
281 546 > 2
281 561 > 2
282 314 > 2
282 320 > 2
282 563 > 2
283 315 > 2
283 321 > 2
283 562 > 2
286 535 > 2
287 534 > 2
292 534 > 2
294 319 > 2
294 515 > 2
294 517 > 2
295 514 > 2
295 516 > 2
296 299 > 2
296 301 > 2
296 304 > 2
297 298 > 2
297 300 > 2
297 305 > 2
298 303 > 2
299 302 > 2
300 303 > 2
301 302 > 2
302 653 > 2
302 655 > 2
302 664 > 2
303 652 > 2
303 654 > 2
303 665 > 2
305 307 > 2
307 308 > 2
308 602 > 2
308 629 > 2
309 603 > 2
309 628 > 2
310 418 > 2
311 419 > 2
312 385 > 2
313 365 > 2
313 384 > 2
314 320 > 2
314 563 > 2
315 321 > 2
315 562 > 2
316 527 > 2
317 526 > 2
320 556 > 2
321 557 > 2
322 474 > 2
322 634 > 2
323 475 > 2
323 635 > 2
324 633 > 2
324 650 > 2
325 632 > 2
325 651 > 2
332 357 > 2
332 362 > 2
333 363 > 2
336 411 > 2
337 410 > 2
338 340 > 2
338 342 > 2
338 440 > 2
338 583 > 2
339 341 > 2
339 343 > 2
339 441 > 2
339 582 > 2
340 342 > 2
340 450 > 2
340 452 > 2
341 343 > 2
341 451 > 2
341 453 > 2
342 424 > 2
343 423 > 2
346 548 > 2
347 549 > 2
350 353 > 2
357 362 > 2
360 519 > 2
361 518 > 2
368 396 > 2
368 421 > 2
369 397 > 2
369 420 > 2
369 567 > 2
370 406 > 2
370 410 > 2
370 412 > 2
370 426 > 2
370 564 > 2
371 407 > 2
371 411 > 2
371 413 > 2
371 427 > 2
371 565 > 2
372 378 > 2
372 415 > 2
372 417 > 2
372 449 > 2
373 379 > 2
373 414 > 2
373 416 > 2
373 448 > 2
374 390 > 2
374 404 > 2
374 418 > 2
374 434 > 2
374 581 > 2
375 391 > 2
375 405 > 2
375 419 > 2
375 435 > 2
375 580 > 2
377 554 > 2
378 399 > 2
378 415 > 2
378 530 > 2
379 398 > 2
379 401 > 2
379 414 > 2
379 531 > 2
380 383 > 2
380 541 > 2
381 382 > 2
381 540 > 2
382 384 > 2
382 387 > 2
383 385 > 2
383 386 > 2
384 387 > 2
385 386 > 2
386 543 > 2
387 542 > 2
388 455 > 2
388 457 > 2
388 544 > 2
389 454 > 2
389 456 > 2
389 471 > 2
389 545 > 2
390 404 > 2
390 434 > 2
391 405 > 2
391 435 > 2
392 434 > 2
392 439 > 2
393 435 > 2
393 438 > 2
394 453 > 2
395 437 > 2
395 452 > 2
396 420 > 2
397 421 > 2
398 401 > 2
398 531 > 2
399 400 > 2
399 530 > 2
404 434 > 2
404 446 > 2
404 581 > 2
405 435 > 2
405 447 > 2
405 580 > 2
406 410 > 2
406 426 > 2
406 445 > 2
406 564 > 2
407 411 > 2
407 427 > 2
407 444 > 2
407 565 > 2
408 414 > 2
408 430 > 2
409 415 > 2
409 431 > 2
410 426 > 2
410 564 > 2
411 427 > 2
411 565 > 2
412 531 > 2
413 530 > 2
414 448 > 2
415 449 > 2
420 567 > 2
421 566 > 2
424 440 > 2
424 493 > 2
424 598 > 2
425 441 > 2
425 492 > 2
425 599 > 2
426 469 > 2
426 533 > 2
426 550 > 2
427 468 > 2
427 532 > 2
427 551 > 2
428 430 > 2
429 431 > 2
429 433 > 2
434 439 > 2
434 581 > 2
435 438 > 2
436 438 > 2
436 453 > 2
437 439 > 2
437 452 > 2
440 493 > 2
440 583 > 2
440 598 > 2
441 492 > 2
441 582 > 2
441 599 > 2
442 444 > 2
443 445 > 2
446 448 > 2
447 449 > 2
450 452 > 2
450 610 > 2
451 611 > 2
454 471 > 2
454 500 > 2
455 501 > 2
456 471 > 2
457 501 > 2
459 464 > 2
460 612 > 2
461 613 > 2
474 477 > 2
474 634 > 2
475 476 > 2
475 635 > 2
476 479 > 2
477 478 > 2
478 481 > 2
479 480 > 2
480 483 > 2
481 482 > 2
482 485 > 2
483 484 > 2
484 487 > 2
485 486 > 2
486 489 > 2
487 488 > 2
488 491 > 2
489 490 > 2
492 494 > 2
492 599 > 2
493 495 > 2
493 598 > 2
526 558 > 2
527 559 > 2
528 533 > 2
528 549 > 2
529 532 > 2
529 548 > 2
536 538 > 2
536 541 > 2
537 539 > 2
537 540 > 2
542 545 > 2
543 544 > 2
556 563 > 2
557 562 > 2
560 677 > 2
561 676 > 2
566 569 > 2
567 568 > 2
568 571 > 2
569 570 > 2
570 573 > 2
571 572 > 2
572 575 > 2
573 574 > 2
574 577 > 2
575 576 > 2
576 579 > 2
577 578 > 2
578 580 > 2
579 581 > 2
582 585 > 2
583 584 > 2
584 587 > 2
585 586 > 2
586 588 > 2
586 591 > 2
587 589 > 2
587 590 > 2
590 593 > 2
591 592 > 2
592 595 > 2
593 594 > 2
594 597 > 2
595 596 > 2
598 601 > 2
599 600 > 2
600 603 > 2
601 602 > 2
602 629 > 2
602 634 > 2
603 628 > 2
603 635 > 2
612 615 > 2
612 647 > 2
613 614 > 2
613 646 > 2
614 662 > 2
615 663 > 2
616 619 > 2
616 639 > 2
617 618 > 2
617 638 > 2
618 621 > 2
619 620 > 2
620 627 > 2
621 626 > 2
622 627 > 2
623 626 > 2
624 626 > 2
625 627 > 2
627 638 > 2
628 635 > 2
629 634 > 2
630 666 > 2
631 667 > 2
632 651 > 2
633 650 > 2
636 645 > 2
636 649 > 2
636 660 > 2
637 644 > 2
637 648 > 2
637 661 > 2
640 665 > 2
641 664 > 2
642 644 > 2
642 646 > 2
642 671 > 2
643 645 > 2
643 647 > 2
643 670 > 2
644 648 > 2
645 649 > 2
646 671 > 2
650 668 > 2
651 669 > 2
652 665 > 2
653 664 > 2
654 665 > 2
655 664 > 2
656 660 > 2
657 661 > 2
658 660 > 2
659 661 > 2
664 666 > 2
665 667 > 2
666 669 > 2
667 668 > 2
