4638
0 1 = 238
0 284 > 45
0 285 > 23
0 392 > 39
0 393 > 25
0 464 > 6
0 465 > 21
0 536 > 34
0 537 > 5
1 392 > 22
1 393 > 8
1 464 > 13
1 465 > 29
1 532 > 32
1 533 > 24
1 536 > 30
1 537 > 25
2 3 = 238
2 86 > 26
2 87 > 15
2 96 > 25
2 97 > 20
2 204 > 39
2 205 > 50
2 224 > 41
2 225 > 11
3 96 > 47
3 97 > 28
3 204 > 8
3 205 > 37
3 224 > 50
3 225 > 25
3 652 > 4
3 653 > 19
4 5 = 238
4 140 > 27
4 141 > 21
4 212 > 44
4 213 > 19
4 270 > 12
4 271 > 25
4 410 > 51
4 411 > 26
5 140 > 14
5 141 > 10
5 170 > 24
5 171 > 9
5 270 > 6
5 271 > 13
5 410 > 4
5 411 > 24
6 7 = 238
6 82 > 38
6 83 > 6
6 100 > 18
6 101 > 55
6 260 > 22
6 261 > 11
6 526 > 27
6 527 > 48
7 82 > 7
7 83 > 19
7 100 > 12
7 101 > 21
7 240 > 26
7 241 > 15
7 260 > 52
7 261 > 54
8 9 = 238
8 66 > 60
8 67 > 4
8 80 > 56
8 81 > 33
8 96 > 11
8 97 > 23
8 124 > 28
8 125 > 26
9 66 > 32
9 67 > 4
9 80 > 17
9 81 > 23
9 124 > 4
9 125 > 33
9 338 > 38
9 339 > 34
10 11 = 238
10 14 > 13
10 15 > 14
10 26 > 23
10 27 > 22
10 120 > 33
10 121 > 19
10 714 > 54
10 715 > 39
11 14 > 4
11 15 > 31
11 22 > 7
11 23 > 26
11 26 > 12
11 27 > 23
11 714 > 20
11 715 > 51
12 13 = 238
12 324 > 28
12 325 > 26
12 432 > 56
12 433 > 4
12 788 > 7
12 789 > 8
12 854 > 46
12 855 > 53
13 432 > 15
13 433 > 10
13 788 > 15
13 789 > 37
13 800 > 56
13 801 > 26
13 854 > 24
13 855 > 33
14 15 = 238
14 24 > 8
14 25 > 21
14 26 > 37
14 27 > 30
14 714 > 10
14 715 > 15
15 26 > 5
15 27 > 21
15 322 > 33
15 323 > 25
15 714 > 10
15 715 > 13
16 17 = 238
16 22 > 38
16 23 > 4
16 240 > 11
16 241 > 34
16 290 > 34
16 291 > 26
16 902 > 35
16 903 > 6
17 22 > 27
17 23 > 6
17 290 > 26
17 291 > 5
17 622 > 20
17 623 > 28
17 902 > 42
17 903 > 34
18 19 = 238
18 22 > 6
18 23 > 9
18 58 > 9
18 59 > 14
18 908 > 30
18 909 > 25
18 910 > 7
18 911 > 4
19 58 > 5
19 59 > 19
19 908 > 20
19 909 > 27
19 910 > 29
19 911 > 8
19 914 > 19
19 915 > 18
20 21 = 238
20 368 > 60
20 369 > 9
20 514 > 35
20 515 > 32
20 644 > 9
20 645 > 8
20 682 > 21
20 683 > 5
21 368 > 13
21 369 > 12
21 478 > 37
21 479 > 26
21 644 > 11
21 645 > 5
21 682 > 71
21 683 > 35
22 23 = 238
22 290 > 21
22 291 > 9
22 902 > 11
22 903 > 4
22 908 > 15
22 909 > 11
23 290 > 9
23 291 > 31
23 672 > 14
23 673 > 6
23 902 > 4
23 903 > 10
24 25 = 238
24 188 > 32
24 189 > 4
24 254 > 19
24 255 > 54
24 358 > 13
24 359 > 13
24 544 > 42
24 545 > 20
25 188 > 76
25 189 > 45
25 358 > 51
25 359 > 44
25 544 > 11
25 545 > 8
25 830 > 15
25 831 > 25
26 27 = 238
26 482 > 4
26 483 > 35
26 714 > 5
26 715 > 56
27 714 > 14
27 715 > 24
28 29 = 238
28 884 > 43
28 885 > 43
28 904 > 12
28 905 > 9
28 906 > 49
28 907 > 22
29 884 > 40
29 885 > 48
29 904 > 11
29 905 > 29
29 906 > 21
29 907 > 22
30 31 = 238
30 408 > 35
30 409 > 56
30 588 > 15
30 589 > 11
30 654 > 25
30 655 > 9
30 748 > 40
30 749 > 13
31 408 > 16
31 409 > 24
31 568 > 15
31 569 > 14
31 588 > 52
31 589 > 22
31 748 > 13
31 749 > 5
32 33 = 238
32 124 > 50
32 125 > 40
32 404 > 50
32 405 > 36
32 420 > 43
32 421 > 13
32 496 > 7
32 497 > 20
33 404 > 43
33 405 > 54
33 418 > 5
33 419 > 47
33 420 > 4
33 421 > 7
33 496 > 12
33 497 > 26
34 35 = 238
34 58 > 6
34 59 > 14
34 298 > 24
34 299 > 39
34 302 > 13
34 303 > 35
34 428 > 30
34 429 > 48
35 298 > 4
35 299 > 23
35 302 > 15
35 303 > 7
35 418 > 12
35 419 > 19
35 428 > 43
35 429 > 25
36 37 = 238
36 58 > 7
36 59 > 5
36 64 > 14
36 65 > 27
36 86 > 41
36 87 > 53
36 160 > 9
36 161 > 11
37 64 > 5
37 65 > 32
37 86 > 19
37 87 > 21
37 136 > 24
37 137 > 25
37 160 > 4
37 161 > 43
38 39 = 238
38 364 > 42
38 365 > 6
38 388 > 11
38 389 > 50
38 512 > 10
38 513 > 32
38 710 > 18
38 711 > 10
39 364 > 20
39 365 > 23
39 510 > 53
39 511 > 30
39 512 > 9
39 513 > 10
39 710 > 15
39 711 > 49
40 41 = 238
40 68 > 14
40 69 > 12
40 76 > 9
40 77 > 28
40 268 > 45
40 269 > 5
40 680 > 17
40 681 > 26
41 68 > 35
41 69 > 5
41 72 > 44
41 73 > 16
41 76 > 46
41 77 > 12
41 680 > 5
41 681 > 8
42 43 = 238
42 376 > 28
42 377 > 18
42 594 > 23
42 595 > 7
42 624 > 67
42 625 > 8
42 692 > 48
42 693 > 4
43 376 > 5
43 377 > 16
43 512 > 32
43 513 > 19
43 624 > 4
43 625 > 34
43 692 > 5
43 693 > 53
44 45 = 238
44 264 > 10
44 265 > 35
44 640 > 17
44 641 > 29
44 762 > 45
44 763 > 22
44 814 > 20
44 815 > 7
45 264 > 20
45 265 > 27
45 640 > 20
45 641 > 31
45 656 > 44
45 657 > 52
45 762 > 11
45 763 > 54
46 47 = 238
46 96 > 51
46 97 > 27
46 470 > 11
46 471 > 10
46 554 > 12
46 555 > 29
46 580 > 46
46 581 > 24
47 470 > 8
47 471 > 44
47 554 > 4
47 555 > 5
47 580 > 22
47 581 > 41
48 49 = 238
48 60 > 38
48 61 > 53
48 72 > 24
48 73 > 7
48 98 > 48
48 99 > 31
48 140 > 31
48 141 > 44
49 60 > 15
49 61 > 52
49 72 > 56
49 73 > 15
49 98 > 5
49 99 > 36
49 704 > 75
49 705 > 7
50 51 = 238
50 246 > 23
50 247 > 11
50 704 > 29
50 705 > 11
50 872 > 19
50 873 > 29
50 892 > 9
50 893 > 17
51 246 > 10
51 247 > 25
51 626 > 5
51 627 > 50
51 872 > 10
51 873 > 8
51 892 > 17
51 893 > 37
52 53 = 238
52 156 > 44
52 157 > 18
52 174 > 23
52 175 > 35
52 178 > 5
52 179 > 19
52 456 > 33
52 457 > 17
53 156 > 23
53 157 > 24
53 176 > 38
53 177 > 50
53 178 > 8
53 179 > 24
53 456 > 6
53 457 > 32
54 55 = 238
54 78 > 8
54 79 > 29
54 254 > 50
54 255 > 19
54 542 > 51
54 543 > 6
55 78 > 27
55 79 > 19
55 136 > 14
55 137 > 13
55 254 > 10
55 255 > 8
55 542 > 9
55 543 > 54
56 57 = 238
56 136 > 5
56 137 > 10
56 264 > 28
56 265 > 9
56 524 > 15
56 525 > 26
56 620 > 11
56 621 > 27
57 136 > 13
57 137 > 37
57 524 > 7
57 525 > 4
57 584 > 35
57 585 > 30
57 620 > 29
57 621 > 39
58 59 = 238
58 908 > 5
58 909 > 6
58 910 > 9
58 911 > 17
59 908 > 18
59 909 > 11
59 910 > 11
59 911 > 5
60 61 = 238
60 70 > 30
60 71 > 35
60 72 > 10
60 73 > 22
60 98 > 8
60 99 > 28
61 72 > 17
61 73 > 12
61 98 > 4
61 99 > 6
62 63 = 238
62 96 > 7
62 97 > 5
62 120 > 7
62 121 > 42
62 308 > 8
62 309 > 29
62 316 > 24
62 317 > 43
63 120 > 38
63 121 > 33
63 156 > 8
63 157 > 28
63 308 > 34
63 309 > 19
63 316 > 7
63 317 > 13
64 65 = 238
64 86 > 8
64 87 > 56
64 160 > 13
64 161 > 8
65 86 > 7
65 87 > 5
65 160 > 51
65 161 > 8
65 672 > 43
65 673 > 24
66 67 = 238
66 80 > 41
66 81 > 6
66 88 > 34
66 89 > 4
66 124 > 13
66 125 > 19
67 80 > 36
67 81 > 15
67 124 > 5
67 125 > 8
68 69 = 238
68 72 > 29
68 73 > 14
68 76 > 5
68 77 > 9
68 680 > 12
68 681 > 7
69 76 > 9
69 77 > 33
69 680 > 6
69 681 > 9
70 71 = 238
70 86 > 50
70 87 > 11
70 180 > 33
70 181 > 47
70 534 > 11
70 535 > 9
70 582 > 7
70 583 > 19
71 180 > 27
71 181 > 21
71 534 > 7
71 535 > 21
71 554 > 4
71 555 > 5
71 582 > 56
71 583 > 55
72 73 = 238
72 98 > 25
72 99 > 18
72 556 > 6
72 557 > 20
73 98 > 47
73 99 > 43
74 75 = 238
74 208 > 33
74 209 > 18
74 270 > 22
74 271 > 21
74 372 > 17
74 373 > 14
74 444 > 27
74 445 > 19
75 208 > 9
75 209 > 16
75 372 > 50
75 373 > 12
75 444 > 28
75 445 > 19
76 77 = 238
76 316 > 30
76 317 > 11
76 680 > 21
76 681 > 9
77 680 > 5
77 681 > 35
77 874 > 43
77 875 > 26
78 79 = 238
78 254 > 5
78 255 > 11
78 542 > 9
78 543 > 31
78 686 > 59
78 687 > 17
79 254 > 20
79 255 > 6
79 536 > 32
79 537 > 13
79 542 > 22
79 543 > 13
80 81 = 238
80 124 > 11
80 125 > 9
80 160 > 12
80 161 > 12
81 124 > 11
81 125 > 31
82 83 = 238
82 88 > 43
82 89 > 49
82 100 > 49
82 101 > 4
82 260 > 5
82 261 > 4
83 100 > 7
83 101 > 36
83 172 > 6
83 173 > 30
83 260 > 35
83 261 > 11
84 85 = 238
84 414 > 37
84 415 > 37
84 446 > 43
84 447 > 12
84 684 > 11
84 685 > 34
84 770 > 21
84 771 > 18
85 446 > 27
85 447 > 6
85 678 > 11
85 679 > 29
85 684 > 10
85 685 > 19
85 770 > 8
85 771 > 43
86 87 = 238
86 160 > 25
86 161 > 24
86 408 > 43
86 409 > 13
87 160 > 16
87 161 > 9
87 234 > 44
87 235 > 23
88 89 = 238
88 320 > 44
88 321 > 4
88 752 > 22
88 753 > 10
88 760 > 29
88 761 > 25
88 794 > 24
88 795 > 7
89 320 > 18
89 321 > 15
89 752 > 38
89 753 > 12
89 760 > 10
89 761 > 26
90 91 = 238
90 120 > 5
90 121 > 19
90 184 > 9
90 185 > 7
90 458 > 27
90 459 > 14
90 634 > 33
90 635 > 37
91 184 > 56
91 185 > 51
91 458 > 35
91 459 > 27
91 634 > 22
91 635 > 53
92 93 = 238
92 334 > 59
92 335 > 5
92 470 > 33
92 471 > 9
92 574 > 33
92 575 > 4
92 804 > 36
92 805 > 24
93 334 > 11
93 335 > 29
93 498 > 5
93 499 > 5
93 574 > 46
93 575 > 7
93 804 > 22
93 805 > 36
94 95 = 238
94 170 > 51
94 171 > 16
94 240 > 41
94 241 > 4
94 406 > 37
94 407 > 13
94 862 > 23
94 863 > 49
95 170 > 13
95 171 > 12
95 406 > 19
95 407 > 47
95 862 > 13
95 863 > 28
96 97 = 238
96 178 > 47
96 179 > 15
96 204 > 4
96 205 > 51
96 224 > 8
96 225 > 47
97 204 > 41
97 205 > 43
97 224 > 18
97 225 > 9
97 810 > 10
97 811 > 4
98 99 = 238
98 798 > 9
98 799 > 6
99 284 > 14
99 285 > 6
100 101 = 238
100 260 > 32
100 261 > 13
100 332 > 7
100 333 > 22
101 260 > 7
101 261 > 5
101 454 > 12
101 455 > 39
102 103 = 238
102 236 > 23
102 237 > 10
102 448 > 27
102 449 > 56
102 506 > 32
102 507 > 11
102 592 > 51
102 593 > 37
103 236 > 6
103 237 > 4
103 274 > 22
103 275 > 38
103 448 > 29
103 449 > 24
103 592 > 25
103 593 > 9
104 105 = 238
104 426 > 45
104 427 > 7
104 528 > 8
104 529 > 5
104 816 > 14
104 817 > 27
105 426 > 31
105 427 > 53
105 458 > 18
105 459 > 31
105 528 > 13
105 529 > 7
105 816 > 56
105 817 > 28
106 107 = 238
106 440 > 45
106 441 > 9
106 738 > 25
106 739 > 17
106 820 > 24
106 821 > 39
106 856 > 29
106 857 > 6
107 440 > 10
107 441 > 31
107 628 > 5
107 629 > 22
107 738 > 45
107 739 > 10
107 820 > 22
107 821 > 18
108 109 = 238
108 124 > 44
108 125 > 25
108 176 > 55
108 177 > 31
108 380 > 25
108 381 > 5
108 532 > 48
108 533 > 6
109 176 > 47
109 177 > 19
109 354 > 4
109 355 > 41
109 380 > 56
109 381 > 21
109 532 > 34
109 533 > 28
110 111 = 238
110 618 > 16
110 619 > 28
110 626 > 36
110 627 > 52
110 652 > 10
110 653 > 55
110 858 > 36
110 859 > 18
111 618 > 28
111 619 > 32
111 630 > 21
111 631 > 27
111 652 > 15
111 653 > 38
111 858 > 9
111 859 > 49
112 113 = 238
112 658 > 32
112 659 > 24
112 728 > 15
112 729 > 23
112 754 > 39
112 755 > 5
112 914 > 35
112 915 > 8
113 658 > 7
113 659 > 30
113 728 > 55
113 729 > 12
113 746 > 4
113 747 > 43
113 754 > 27
113 755 > 18
114 115 = 238
114 468 > 34
114 469 > 50
114 506 > 8
114 507 > 7
114 522 > 6
114 523 > 5
114 566 > 30
114 567 > 6
115 468 > 18
115 469 > 13
115 482 > 23
115 483 > 54
115 506 > 5
115 507 > 19
115 566 > 6
115 567 > 36
116 117 = 238
116 170 > 38
116 171 > 48
116 174 > 14
116 175 > 15
116 396 > 19
116 397 > 18
116 614 > 53
116 615 > 24
117 174 > 28
117 175 > 31
117 396 > 7
117 397 > 26
117 454 > 22
117 455 > 11
117 614 > 33
117 615 > 28
118 119 = 238
118 638 > 10
118 639 > 23
118 718 > 15
118 719 > 8
118 768 > 34
118 769 > 24
118 888 > 23
118 889 > 7
119 718 > 5
119 719 > 14
119 724 > 17
119 725 > 5
119 768 > 10
119 769 > 20
119 888 > 34
119 889 > 38
120 121 = 238
120 308 > 40
120 309 > 44
120 316 > 13
120 317 > 7
120 850 > 8
120 851 > 33
121 308 > 45
121 309 > 34
121 316 > 42
121 317 > 11
122 123 = 238
122 268 > 22
122 269 > 10
122 338 > 32
122 339 > 16
122 430 > 11
122 431 > 7
122 738 > 50
122 739 > 11
123 268 > 15
123 269 > 44
123 338 > 30
123 339 > 40
123 382 > 4
123 383 > 19
123 430 > 4
123 431 > 34
124 125 = 238
125 896 > 39
125 897 > 14
126 127 = 238
126 212 > 15
126 213 > 39
126 240 > 16
126 241 > 4
126 486 > 22
126 487 > 30
126 758 > 13
126 759 > 24
127 240 > 10
127 241 > 22
127 254 > 13
127 255 > 43
127 486 > 32
127 487 > 48
127 758 > 38
127 759 > 10
128 129 = 238
128 878 > 29
128 879 > 15
128 892 > 15
128 893 > 25
128 896 > 33
128 897 > 21
128 898 > 50
128 899 > 29
129 878 > 7
129 879 > 30
129 896 > 41
129 897 > 42
129 898 > 8
129 899 > 25
129 904 > 33
129 905 > 36
130 131 = 238
130 200 > 10
130 201 > 15
130 330 > 26
130 331 > 11
130 688 > 9
130 689 > 16
130 806 > 35
130 807 > 9
131 330 > 9
131 331 > 13
131 688 > 4
131 689 > 4
131 806 > 6
131 807 > 7
131 852 > 51
131 853 > 32
132 133 = 238
132 284 > 20
132 285 > 23
132 322 > 31
132 323 > 6
132 324 > 53
132 325 > 10
133 284 > 39
133 285 > 37
133 310 > 23
133 311 > 41
133 322 > 23
133 323 > 4
133 324 > 7
133 325 > 54
134 135 = 238
134 162 > 8
134 163 > 43
134 700 > 5
134 701 > 5
134 770 > 25
134 771 > 41
134 876 > 34
134 877 > 25
135 162 > 18
135 163 > 53
135 700 > 8
135 701 > 20
135 790 > 8
135 791 > 51
135 876 > 4
135 877 > 23
136 137 = 238
136 524 > 41
136 525 > 6
136 580 > 6
136 581 > 35
136 620 > 12
136 621 > 6
137 524 > 64
137 525 > 49
137 620 > 7
137 621 > 6
137 870 > 9
137 871 > 51
138 139 = 238
138 360 > 12
138 361 > 33
138 466 > 9
138 467 > 32
138 676 > 5
138 677 > 10
138 706 > 5
138 707 > 6
139 466 > 51
139 467 > 38
139 676 > 29
139 677 > 32
139 680 > 28
139 681 > 53
139 706 > 9
139 707 > 6
140 141 = 238
140 270 > 15
140 271 > 22
140 394 > 8
140 395 > 7
140 410 > 5
140 411 > 51
141 270 > 9
141 271 > 34
141 286 > 24
141 287 > 36
141 410 > 21
141 411 > 7
142 143 = 238
142 590 > 29
142 591 > 16
142 732 > 9
142 733 > 4
142 834 > 54
142 835 > 39
142 872 > 6
142 873 > 32
143 590 > 38
143 591 > 27
143 732 > 13
143 733 > 5
143 834 > 16
143 835 > 30
143 888 > 18
143 889 > 20
144 145 = 238
144 148 > 7
144 149 > 12
144 416 > 5
144 417 > 4
144 678 > 42
144 679 > 27
144 874 > 31
144 875 > 5
145 148 > 10
145 149 > 60
145 270 > 4
145 271 > 5
145 416 > 51
145 417 > 5
145 678 > 55
145 679 > 18
146 147 = 238
146 152 > 36
146 153 > 5
146 188 > 40
146 189 > 6
146 194 > 38
146 195 > 52
146 498 > 39
146 499 > 6
147 152 > 22
147 153 > 10
147 194 > 20
147 195 > 4
147 498 > 7
147 499 > 47
148 149 = 238
148 332 > 7
148 333 > 31
148 416 > 33
148 417 > 26
148 678 > 8
148 679 > 11
149 416 > 4
149 417 > 4
149 678 > 8
149 679 > 11
149 734 > 13
149 735 > 4
150 151 = 238
150 212 > 19
150 213 > 30
150 520 > 36
150 521 > 34
150 694 > 48
150 695 > 6
151 212 > 34
151 213 > 52
151 520 > 11
151 521 > 9
151 686 > 19
151 687 > 17
151 694 > 14
151 695 > 27
152 153 = 238
152 182 > 7
152 183 > 4
152 194 > 33
152 195 > 4
152 498 > 8
152 499 > 8
153 194 > 34
153 195 > 5
153 496 > 39
153 497 > 13
153 498 > 44
153 499 > 9
154 155 = 238
154 350 > 18
154 351 > 11
154 484 > 29
154 485 > 5
154 562 > 11
154 563 > 30
154 638 > 32
154 639 > 41
155 484 > 19
155 485 > 32
155 562 > 10
155 563 > 29
155 572 > 11
155 573 > 25
155 638 > 44
155 639 > 47
156 157 = 238
156 178 > 16
156 179 > 36
156 456 > 12
156 457 > 40
156 850 > 11
156 851 > 6
157 178 > 25
157 179 > 45
157 394 > 26
157 395 > 14
157 456 > 16
157 457 > 13
158 159 = 238
158 192 > 33
158 193 > 10
158 200 > 4
158 201 > 9
158 844 > 34
158 845 > 11
159 192 > 28
159 193 > 42
159 194 > 45
159 195 > 43
159 200 > 38
159 201 > 20
159 844 > 7
159 845 > 37
160 161 = 238
160 764 > 53
160 765 > 29
161 568 > 5
161 569 > 9
162 163 = 238
162 354 > 10
162 355 > 26
162 700 > 10
162 701 > 17
162 876 > 12
162 877 > 35
163 700 > 16
163 701 > 32
163 794 > 4
163 795 > 5
163 876 > 27
163 877 > 12
164 165 = 238
164 274 > 14
164 275 > 4
164 440 > 36
164 441 > 17
164 628 > 6
164 629 > 21
164 810 > 51
164 811 > 54
165 274 > 50
165 275 > 32
165 524 > 8
165 525 > 8
165 628 > 11
165 629 > 7
165 810 > 25
165 811 > 12
166 167 = 238
166 176 > 52
166 177 > 15
166 232 > 4
166 233 > 18
166 510 > 24
166 511 > 11
166 780 > 10
166 781 > 24
167 232 > 29
167 233 > 62
167 510 > 30
167 511 > 20
167 780 > 42
167 781 > 32
167 876 > 42
167 877 > 48
168 169 = 238
168 224 > 10
168 225 > 5
168 326 > 51
168 327 > 4
168 350 > 15
168 351 > 5
168 488 > 26
168 489 > 6
169 326 > 10
169 327 > 8
169 350 > 7
169 351 > 33
169 488 > 6
169 489 > 7
169 546 > 8
169 547 > 35
170 171 = 238
170 406 > 16
170 407 > 28
170 862 > 6
170 863 > 5
170 886 > 13
170 887 > 28
171 406 > 20
171 407 > 52
171 574 > 26
171 575 > 50
171 862 > 6
171 863 > 8
172 173 = 238
172 304 > 54
172 305 > 37
172 318 > 22
172 319 > 8
172 818 > 48
172 819 > 35
172 852 > 37
172 853 > 17
173 304 > 12
173 305 > 52
173 318 > 6
173 319 > 14
173 818 > 34
173 819 > 53
173 888 > 54
173 889 > 21
174 175 = 238
174 396 > 46
174 397 > 36
174 614 > 5
174 615 > 25
174 740 > 7
174 741 > 25
175 396 > 40
175 397 > 8
175 496 > 14
175 497 > 7
175 614 > 6
175 615 > 7
176 177 = 238
176 380 > 5
176 381 > 51
176 410 > 12
176 411 > 10
176 532 > 12
176 533 > 24
177 380 > 43
177 381 > 19
177 532 > 32
177 533 > 7
177 772 > 6
177 773 > 4
178 179 = 238
178 456 > 56
178 457 > 9
179 456 > 6
179 457 > 49
179 850 > 11
179 851 > 4
180 181 = 238
180 534 > 49
180 535 > 10
180 540 > 12
180 541 > 45
180 582 > 7
180 583 > 5
181 534 > 7
181 535 > 9
181 580 > 34
181 581 > 13
181 582 > 4
181 583 > 8
182 183 = 238
182 310 > 10
182 311 > 5
182 870 > 5
182 871 > 4
182 878 > 7
182 879 > 21
182 894 > 27
182 895 > 17
183 310 > 26
183 311 > 5
183 368 > 35
183 369 > 51
183 870 > 6
183 871 > 33
183 894 > 6
183 895 > 4
184 185 = 238
184 220 > 32
184 221 > 41
184 458 > 9
184 459 > 7
184 634 > 4
184 635 > 8
185 458 > 37
185 459 > 27
185 634 > 12
185 635 > 10
185 834 > 37
185 835 > 9
186 187 = 238
186 608 > 13
186 609 > 5
186 764 > 35
186 765 > 18
186 802 > 15
186 803 > 6
186 808 > 47
186 809 > 15
187 608 > 15
187 609 > 22
187 764 > 27
187 765 > 23
187 808 > 4
187 809 > 49
187 822 > 35
187 823 > 14
188 189 = 238
188 358 > 4
188 359 > 49
188 544 > 10
188 545 > 5
189 358 > 32
189 359 > 4
189 544 > 15
189 545 > 13
189 760 > 29
189 761 > 13
190 191 = 238
190 246 > 40
190 247 > 36
190 328 > 8
190 329 > 38
190 366 > 19
190 367 > 40
190 388 > 30
190 389 > 13
191 328 > 56
191 329 > 41
191 366 > 29
191 367 > 18
191 372 > 44
191 373 > 8
191 388 > 14
191 389 > 38
192 193 = 238
192 200 > 6
192 201 > 44
192 844 > 11
192 845 > 11
192 856 > 7
192 857 > 21
193 200 > 12
193 201 > 9
193 506 > 36
193 507 > 16
193 844 > 36
193 845 > 11
194 195 = 238
194 452 > 42
194 453 > 28
194 498 > 53
194 499 > 6
195 498 > 8
195 499 > 56
195 658 > 4
195 659 > 4
196 197 = 238
196 228 > 34
196 229 > 34
196 508 > 28
196 509 > 32
196 552 > 10
196 553 > 8
197 228 > 40
197 229 > 50
197 254 > 10
197 255 > 16
197 508 > 39
197 509 > 7
197 552 > 34
197 553 > 27
198 199 = 238
198 290 > 32
198 291 > 5
198 292 > 15
198 293 > 8
198 558 > 22
198 559 > 29
198 736 > 44
198 737 > 13
199 292 > 18
199 293 > 26
199 544 > 40
199 545 > 35
199 558 > 9
199 559 > 56
199 736 > 5
199 737 > 54
200 201 = 238
200 844 > 19
200 845 > 28
200 882 > 8
200 883 > 32
201 844 > 12
201 845 > 49
201 858 > 8
201 859 > 15
202 203 = 238
202 548 > 19
202 549 > 7
202 642 > 43
202 643 > 30
202 852 > 25
202 853 > 6
202 868 > 50
202 869 > 6
203 642 > 9
203 643 > 35
203 852 > 22
203 853 > 23
203 868 > 27
203 869 > 48
204 205 = 238
204 224 > 38
204 225 > 5
204 830 > 7
204 831 > 6
205 224 > 50
205 225 > 19
206 207 = 238
206 374 > 53
206 375 > 12
206 426 > 27
206 427 > 38
206 686 > 29
206 687 > 11
206 824 > 45
206 825 > 31
207 374 > 5
207 375 > 34
207 686 > 5
207 687 > 36
207 736 > 38
207 737 > 15
207 824 > 4
207 825 > 49
208 209 = 238
208 372 > 28
208 373 > 5
208 444 > 12
208 445 > 20
209 372 > 36
209 373 > 7
209 378 > 16
209 379 > 51
209 444 > 20
209 445 > 12
210 211 = 238
210 436 > 27
210 437 > 12
210 630 > 25
210 631 > 6
210 832 > 19
210 833 > 43
211 436 > 44
211 437 > 66
211 612 > 22
211 613 > 15
211 630 > 16
211 631 > 14
211 832 > 24
211 833 > 47
212 213 = 238
212 520 > 12
212 521 > 4
212 694 > 8
212 695 > 11
212 842 > 6
212 843 > 6
213 520 > 38
213 521 > 44
213 694 > 9
213 695 > 13
214 215 = 238
214 228 > 4
214 229 > 38
214 742 > 7
214 743 > 15
214 856 > 13
214 857 > 4
214 880 > 37
214 881 > 6
215 742 > 15
215 743 > 18
215 856 > 7
215 857 > 27
215 880 > 9
215 881 > 12
215 900 > 4
215 901 > 26
216 217 = 238
216 418 > 4
216 419 > 8
216 512 > 27
216 513 > 7
216 668 > 47
216 669 > 10
216 766 > 31
216 767 > 43
217 418 > 53
217 419 > 53
217 668 > 29
217 669 > 13
217 694 > 6
217 695 > 9
217 766 > 38
217 767 > 55
218 219 = 238
218 380 > 4
218 381 > 26
218 538 > 8
218 539 > 7
218 696 > 31
218 697 > 18
218 702 > 23
218 703 > 22
219 538 > 4
219 539 > 7
219 652 > 19
219 653 > 5
219 696 > 6
219 697 > 67
219 702 > 34
219 703 > 51
220 221 = 238
220 294 > 27
220 295 > 12
220 404 > 64
220 405 > 31
220 450 > 12
220 451 > 4
220 860 > 11
220 861 > 19
221 294 > 5
221 295 > 17
221 404 > 27
221 405 > 25
221 450 > 27
221 451 > 6
221 860 > 6
221 861 > 28
222 223 = 238
222 474 > 5
222 475 > 40
222 486 > 26
222 487 > 10
222 500 > 37
222 501 > 7
222 750 > 53
222 751 > 10
223 474 > 39
223 475 > 18
223 480 > 25
223 481 > 11
223 500 > 17
223 501 > 20
223 750 > 36
223 751 > 42
224 225 = 238
225 838 > 5
225 839 > 17
226 227 = 238
226 270 > 9
226 271 > 12
226 578 > 7
226 579 > 8
226 610 > 50
226 611 > 18
226 636 > 5
226 637 > 4
227 578 > 5
227 579 > 45
227 610 > 36
227 611 > 6
227 620 > 22
227 621 > 35
227 636 > 30
227 637 > 24
228 229 = 238
228 332 > 33
228 333 > 33
228 508 > 24
228 509 > 4
228 552 > 5
228 553 > 4
229 508 > 4
229 509 > 26
229 552 > 78
229 553 > 6
230 231 = 238
230 436 > 53
230 437 > 5
230 494 > 18
230 495 > 45
230 596 > 8
230 597 > 9
230 722 > 32
230 723 > 16
231 494 > 6
231 495 > 4
231 590 > 14
231 591 > 33
231 596 > 6
231 597 > 15
231 722 > 14
231 723 > 37
232 233 = 238
232 510 > 23
232 511 > 19
232 592 > 12
232 593 > 12
232 780 > 9
232 781 > 4
233 510 > 31
233 511 > 5
233 780 > 17
233 781 > 13
233 858 > 7
233 859 > 4
234 235 = 238
234 478 > 66
234 479 > 5
234 480 > 5
234 481 > 51
234 516 > 30
234 517 > 5
234 594 > 54
234 595 > 20
235 478 > 56
235 479 > 19
235 504 > 9
235 505 > 11
235 516 > 6
235 517 > 19
235 594 > 18
235 595 > 30
236 237 = 238
236 448 > 21
236 449 > 24
236 506 > 18
236 507 > 37
236 592 > 10
236 593 > 20
237 448 > 24
237 449 > 9
237 570 > 40
237 571 > 19
237 592 > 19
237 593 > 4
238 239 = 238
238 632 > 25
238 633 > 21
238 804 > 7
238 805 > 56
238 866 > 10
238 867 > 53
238 882 > 7
238 883 > 13
239 632 > 17
239 633 > 35
239 738 > 13
239 739 > 21
239 866 > 4
239 867 > 9
239 882 > 54
239 883 > 39
240 241 = 238
240 486 > 61
240 487 > 6
240 758 > 13
240 759 > 11
240 830 > 7
240 831 > 46
241 486 > 4
241 487 > 23
241 758 > 52
241 759 > 9
241 770 > 14
241 771 > 8
242 243 = 238
242 464 > 17
242 465 > 18
242 828 > 48
242 829 > 8
242 890 > 5
242 891 > 9
242 900 > 29
242 901 > 12
243 828 > 6
243 829 > 37
243 862 > 21
243 863 > 7
243 890 > 14
243 891 > 8
243 900 > 6
243 901 > 47
244 245 = 238
244 568 > 8
244 569 > 14
244 730 > 5
244 731 > 4
244 734 > 18
244 735 > 28
244 746 > 44
244 747 > 30
245 568 > 39
245 569 > 41
245 690 > 38
245 691 > 31
245 730 > 4
245 731 > 19
245 746 > 17
245 747 > 50
246 247 = 238
246 762 > 11
246 763 > 26
246 872 > 17
246 873 > 4
246 892 > 13
246 893 > 9
247 872 > 49
247 873 > 31
247 886 > 15
247 887 > 12
247 892 > 4
247 893 > 9
248 249 = 238
248 254 > 27
248 255 > 4
248 256 > 18
248 257 > 15
248 306 > 11
248 307 > 33
248 354 > 36
248 355 > 8
249 256 > 7
249 257 > 35
249 306 > 6
249 307 > 6
249 338 > 7
249 339 > 8
249 354 > 31
249 355 > 32
250 251 = 238
250 612 > 32
250 613 > 4
250 756 > 19
250 757 > 12
250 764 > 56
250 765 > 31
250 790 > 54
250 791 > 8
251 612 > 10
251 613 > 17
251 756 > 18
251 757 > 10
251 790 > 15
251 791 > 55
251 870 > 5
251 871 > 8
252 253 = 238
252 414 > 27
252 415 > 5
252 522 > 10
252 523 > 19
252 622 > 25
252 623 > 33
252 720 > 27
252 721 > 10
253 414 > 6
253 415 > 47
253 540 > 50
253 541 > 15
253 622 > 35
253 623 > 56
253 720 > 7
253 721 > 16
254 255 = 238
254 340 > 6
254 341 > 11
254 542 > 9
254 543 > 56
255 542 > 6
255 543 > 5
255 844 > 18
255 845 > 11
256 257 = 238
256 270 > 5
256 271 > 12
256 306 > 18
256 307 > 4
256 354 > 5
256 355 > 13
257 306 > 27
257 307 > 27
257 354 > 9
257 355 > 12
258 259 = 238
258 294 > 49
258 295 > 37
258 670 > 55
258 671 > 11
258 792 > 52
258 793 > 18
258 840 > 28
258 841 > 33
259 670 > 18
259 671 > 10
259 792 > 26
259 793 > 9
259 818 > 17
259 819 > 41
259 840 > 40
259 841 > 34
260 261 = 238
261 640 > 8
261 641 > 34
262 263 = 238
262 266 > 45
262 267 > 14
262 530 > 6
262 531 > 10
262 610 > 34
262 611 > 39
262 660 > 42
262 661 > 8
263 266 > 33
263 267 > 31
263 392 > 4
263 393 > 24
263 530 > 4
263 531 > 36
263 660 > 6
263 661 > 18
264 265 = 238
264 640 > 10
264 641 > 28
264 762 > 8
264 763 > 9
264 856 > 28
264 857 > 53
265 640 > 53
265 641 > 42
265 762 > 4
265 763 > 4
265 834 > 27
265 835 > 4
266 267 = 238
266 530 > 16
266 531 > 35
266 660 > 11
266 661 > 6
266 908 > 14
266 909 > 4
267 530 > 6
267 531 > 12
267 660 > 30
267 661 > 12
268 269 = 238
268 332 > 18
268 333 > 8
268 338 > 11
268 339 > 5
268 430 > 11
268 431 > 5
269 338 > 5
269 339 > 19
269 430 > 14
269 431 > 12
269 530 > 52
269 531 > 18
270 271 = 238
270 410 > 44
270 411 > 44
271 410 > 24
271 411 > 31
272 273 = 238
272 522 > 60
272 523 > 7
272 626 > 21
272 627 > 30
272 744 > 35
272 745 > 5
272 772 > 40
272 773 > 8
273 522 > 11
273 523 > 9
273 744 > 18
273 745 > 25
273 772 > 4
273 773 > 33
273 780 > 54
273 781 > 30
274 275 = 238
274 358 > 37
274 359 > 17
274 628 > 16
274 629 > 21
274 810 > 6
274 811 > 13
275 628 > 8
275 629 > 4
275 686 > 53
275 687 > 17
275 810 > 17
275 811 > 10
276 277 = 238
276 776 > 41
276 777 > 28
276 846 > 10
276 847 > 13
276 848 > 35
276 849 > 17
276 878 > 12
276 879 > 13
277 776 > 23
277 777 > 7
277 804 > 36
277 805 > 41
277 846 > 10
277 847 > 20
277 848 > 15
277 849 > 23
278 279 = 238
278 442 > 11
278 443 > 25
278 774 > 6
278 775 > 11
278 874 > 52
278 875 > 49
279 442 > 44
279 443 > 40
279 526 > 32
279 527 > 6
279 774 > 40
279 775 > 8
279 874 > 19
279 875 > 18
280 281 = 238
280 548 > 44
280 549 > 23
280 594 > 17
280 595 > 24
280 666 > 5
280 667 > 4
280 786 > 21
280 787 > 8
281 548 > 16
281 549 > 15
281 562 > 36
281 563 > 28
281 666 > 17
281 667 > 16
281 786 > 44
281 787 > 40
282 283 = 238
282 356 > 7
282 357 > 7
282 484 > 37
282 485 > 9
282 546 > 18
282 547 > 10
282 600 > 53
282 601 > 8
283 356 > 7
283 357 > 32
283 546 > 19
283 547 > 32
283 562 > 14
283 563 > 12
283 600 > 31
283 601 > 33
284 285 = 238
284 322 > 40
284 323 > 10
284 324 > 9
284 325 > 16
285 322 > 40
285 323 > 4
285 324 > 63
285 325 > 4
285 480 > 56
285 481 > 5
286 287 = 238
286 664 > 56
286 665 > 29
286 710 > 55
286 711 > 8
286 726 > 28
286 727 > 32
286 830 > 35
286 831 > 34
287 664 > 38
287 665 > 43
287 726 > 52
287 727 > 22
287 830 > 32
287 831 > 14
288 289 = 238
288 382 > 49
288 383 > 21
288 406 > 7
288 407 > 39
288 412 > 8
288 413 > 21
288 586 > 25
288 587 > 15
289 382 > 21
289 383 > 8
289 404 > 5
289 405 > 44
289 412 > 6
289 413 > 27
289 586 > 4
289 587 > 44
290 291 = 238
290 902 > 30
290 903 > 8
290 910 > 50
290 911 > 45
291 902 > 11
291 903 > 13
292 293 = 238
292 312 > 55
292 313 > 22
292 558 > 53
292 559 > 49
292 736 > 9
292 737 > 15
293 558 > 6
293 559 > 12
293 602 > 11
293 603 > 16
293 736 > 7
293 737 > 7
294 295 = 238
294 302 > 35
294 303 > 43
294 450 > 8
294 451 > 47
294 860 > 11
294 861 > 27
295 450 > 5
295 451 > 13
295 860 > 37
295 861 > 11
296 297 = 238
296 492 > 26
296 493 > 28
296 708 > 17
296 709 > 13
296 778 > 40
296 779 > 5
297 492 > 11
297 493 > 37
297 708 > 41
297 709 > 4
297 778 > 44
297 779 > 45
298 299 = 238
298 300 > 38
298 301 > 8
298 302 > 55
298 303 > 27
298 428 > 10
298 429 > 19
299 302 > 47
299 303 > 42
299 428 > 19
299 429 > 8
300 301 = 238
300 552 > 50
300 553 > 15
300 798 > 18
300 799 > 5
300 822 > 16
300 823 > 7
300 836 > 22
300 837 > 5
301 798 > 12
301 799 > 21
301 822 > 14
301 823 > 24
301 836 > 7
301 837 > 32
302 303 = 238
302 312 > 67
302 313 > 6
302 428 > 21
302 429 > 53
303 428 > 52
303 429 > 48
303 474 > 10
303 475 > 20
304 305 = 238
304 318 > 48
304 319 > 4
304 480 > 16
304 481 > 5
304 818 > 7
304 819 > 15
305 318 > 24
305 319 > 21
305 818 > 4
305 819 > 7
305 894 > 48
305 895 > 9
306 307 = 238
306 316 > 35
306 317 > 4
306 354 > 47
306 355 > 24
307 354 > 17
307 355 > 7
307 478 > 6
307 479 > 35
308 309 = 238
308 310 > 11
308 311 > 15
308 316 > 8
308 317 > 31
309 316 > 15
309 317 > 4
310 311 = 238
310 870 > 8
310 871 > 20
310 894 > 4
310 895 > 18
310 906 > 5
310 907 > 8
311 870 > 6
311 871 > 18
311 894 > 5
311 895 > 5
312 313 = 238
312 576 > 11
312 577 > 44
312 698 > 8
312 699 > 54
312 734 > 30
312 735 > 10
312 752 > 9
312 753 > 7
313 576 > 20
313 577 > 37
313 610 > 44
313 611 > 53
313 698 > 9
313 699 > 30
313 734 > 53
313 735 > 11
314 315 = 238
314 340 > 36
314 341 > 8
314 362 > 11
314 363 > 43
314 384 > 23
314 385 > 11
314 386 > 12
314 387 > 5
315 340 > 34
315 341 > 39
315 362 > 25
315 363 > 24
315 386 > 5
315 387 > 55
316 317 = 238
317 484 > 20
317 485 > 11
318 319 = 238
318 580 > 68
318 581 > 4
318 818 > 7
318 819 > 7
319 818 > 6
319 819 > 38
320 321 = 238
320 488 > 8
320 489 > 41
320 752 > 4
320 753 > 56
320 760 > 8
320 761 > 27
321 752 > 42
321 753 > 24
321 754 > 17
321 755 > 12
321 760 > 21
321 761 > 10
322 323 = 238
322 324 > 8
322 325 > 7
322 488 > 11
322 489 > 35
323 324 > 35
323 325 > 29
323 468 > 8
323 469 > 43
324 325 = 238
324 730 > 56
324 731 > 4
325 454 > 6
325 455 > 5
326 327 = 238
326 332 > 20
326 333 > 16
326 350 > 9
326 351 > 36
326 488 > 6
326 489 > 47
327 350 > 5
327 351 > 31
327 444 > 31
327 445 > 12
327 488 > 10
327 489 > 12
328 329 = 238
328 352 > 12
328 353 > 9
328 366 > 43
328 367 > 56
328 388 > 11
328 389 > 5
329 366 > 49
329 367 > 9
329 378 > 10
329 379 > 30
329 388 > 30
329 389 > 8
330 331 = 238
330 520 > 20
330 521 > 48
330 688 > 4
330 689 > 7
330 806 > 7
330 807 > 38
331 688 > 44
331 689 > 5
331 806 > 30
331 807 > 12
332 333 = 238
332 338 > 24
332 339 > 31
332 384 > 25
332 385 > 12
332 648 > 8
332 649 > 12
332 674 > 55
332 675 > 22
333 384 > 49
333 385 > 41
333 648 > 20
333 649 > 51
333 670 > 15
333 671 > 11
333 674 > 33
333 675 > 21
334 335 = 238
334 574 > 23
334 575 > 11
334 804 > 7
334 805 > 36
334 848 > 4
334 849 > 16
335 574 > 15
335 575 > 40
335 694 > 46
335 695 > 7
335 804 > 36
335 805 > 7
336 337 = 238
336 494 > 17
336 495 > 14
336 572 > 18
336 573 > 7
336 606 > 30
336 607 > 18
336 626 > 37
336 627 > 14
337 572 > 15
337 573 > 39
337 606 > 42
337 607 > 14
337 626 > 22
337 627 > 11
337 864 > 21
337 865 > 48
338 339 = 238
338 414 > 4
338 415 > 6
338 430 > 4
338 431 > 4
339 430 > 12
339 431 > 40
339 892 > 9
339 893 > 18
340 341 = 238
340 344 > 47
340 345 > 32
340 362 > 36
340 363 > 29
340 386 > 5
340 387 > 55
341 362 > 39
341 363 > 19
341 386 > 19
341 387 > 10
342 343 = 238
342 800 > 7
342 801 > 4
342 846 > 56
342 847 > 20
342 864 > 10
342 865 > 21
342 886 > 30
342 887 > 56
343 800 > 25
343 801 > 55
343 864 > 6
343 865 > 5
343 886 > 61
343 887 > 28
344 345 = 238
344 436 > 12
344 437 > 10
344 560 > 39
344 561 > 12
344 662 > 9
344 663 > 30
344 690 > 20
344 691 > 50
345 560 > 23
345 561 > 55
345 610 > 6
345 611 > 10
345 662 > 21
345 663 > 33
345 690 > 17
345 691 > 17
346 347 = 238
346 482 > 43
346 483 > 53
346 784 > 19
346 785 > 48
346 794 > 9
346 795 > 12
346 850 > 55
346 851 > 25
347 482 > 15
347 483 > 5
347 742 > 18
347 743 > 36
347 794 > 52
347 795 > 56
347 850 > 9
347 851 > 14
348 349 = 238
348 360 > 9
348 361 > 49
348 414 > 17
348 415 > 23
348 526 > 45
348 527 > 57
348 814 > 14
348 815 > 19
349 360 > 80
349 361 > 20
349 496 > 18
349 497 > 36
349 526 > 15
349 527 > 38
349 814 > 29
349 815 > 22
350 351 = 238
350 488 > 39
350 489 > 7
351 488 > 4
351 489 > 22
351 564 > 6
351 565 > 72
352 353 = 238
352 584 > 26
352 585 > 11
352 732 > 6
352 733 > 19
352 782 > 14
352 783 > 11
352 802 > 50
352 803 > 8
353 584 > 12
353 585 > 15
353 782 > 44
353 783 > 4
353 784 > 14
353 785 > 15
353 802 > 44
353 803 > 27
354 355 = 238
355 700 > 28
355 701 > 38
356 357 = 238
356 546 > 30
356 547 > 25
356 574 > 59
356 575 > 39
356 600 > 8
356 601 > 4
357 546 > 42
357 547 > 6
357 600 > 14
357 601 > 13
357 802 > 38
357 803 > 4
358 359 = 238
358 364 > 14
358 365 > 7
358 544 > 10
358 545 > 5
359 544 > 31
359 545 > 5
360 361 = 238
360 506 > 16
360 507 > 17
360 526 > 13
360 527 > 36
360 814 > 10
360 815 > 14
361 526 > 34
361 527 > 32
361 552 > 49
361 553 > 7
361 814 > 30
361 815 > 13
362 363 = 238
362 386 > 27
362 387 > 11
362 598 > 56
362 599 > 18
363 386 > 17
363 387 > 28
364 365 = 238
364 416 > 42
364 417 > 6
364 512 > 35
364 513 > 36
364 710 > 11
364 711 > 19
365 512 > 54
365 513 > 28
365 594 > 11
365 595 > 5
365 710 > 20
365 711 > 8
366 367 = 238
366 388 > 19
366 389 > 34
367 388 > 32
367 389 > 5
368 369 = 238
368 410 > 7
368 411 > 20
368 644 > 37
368 645 > 30
368 682 > 4
368 683 > 12
369 644 > 58
369 645 > 8
369 682 > 55
369 683 > 6
370 371 = 238
370 454 > 12
370 455 > 40
370 536 > 38
370 537 > 42
370 570 > 45
370 571 > 14
370 598 > 15
370 599 > 16
371 454 > 10
371 455 > 6
371 570 > 19
371 571 > 23
371 598 > 54
371 599 > 32
371 804 > 38
371 805 > 18
372 373 = 238
372 444 > 49
372 445 > 5
372 900 > 10
372 901 > 15
373 444 > 48
373 445 > 9
373 832 > 16
373 833 > 21
374 375 = 238
374 486 > 6
374 487 > 4
374 686 > 14
374 687 > 26
374 824 > 12
374 825 > 16
375 686 > 45
375 687 > 14
375 824 > 18
375 825 > 6
375 854 > 51
375 855 > 7
376 377 = 238
376 528 > 10
376 529 > 52
376 624 > 5
376 625 > 23
376 692 > 10
376 693 > 16
377 624 > 9
377 625 > 12
377 692 > 5
377 693 > 8
378 379 = 238
378 490 > 12
378 491 > 6
378 604 > 9
378 605 > 43
378 716 > 12
378 717 > 35
378 782 > 9
378 783 > 4
379 490 > 10
379 491 > 50
379 604 > 6
379 605 > 16
379 628 > 5
379 629 > 13
379 716 > 43
379 717 > 4
380 381 = 238
380 532 > 10
380 533 > 44
381 532 > 22
381 533 > 6
381 832 > 31
381 833 > 32
382 383 = 238
382 412 > 4
382 413 > 47
382 420 > 5
382 421 > 14
382 586 > 11
382 587 > 14
383 412 > 56
383 413 > 5
383 586 > 8
383 587 > 8
383 780 > 44
383 781 > 10
384 385 = 238
384 552 > 9
384 553 > 14
384 648 > 8
384 649 > 33
384 674 > 9
384 675 > 4
385 648 > 14
385 649 > 13
385 654 > 47
385 655 > 15
385 674 > 39
385 675 > 5
386 387 = 238
386 422 > 54
386 423 > 11
387 432 > 13
387 433 > 11
388 389 = 238
389 864 > 26
389 865 > 11
390 391 = 238
390 556 > 5
390 557 > 19
390 646 > 9
390 647 > 6
390 680 > 34
390 681 > 18
390 740 > 17
390 741 > 19
391 556 > 19
391 557 > 51
391 646 > 46
391 647 > 48
391 688 > 28
391 689 > 5
391 740 > 5
391 741 > 7
392 393 = 238
392 416 > 7
392 417 > 14
392 464 > 10
392 465 > 23
392 536 > 13
392 537 > 13
393 464 > 26
393 465 > 20
393 536 > 17
393 537 > 13
393 730 > 19
393 731 > 20
394 395 = 238
394 446 > 7
394 447 > 34
394 476 > 10
394 477 > 33
394 650 > 34
394 651 > 39
394 784 > 4
394 785 > 12
395 476 > 36
395 477 > 20
395 616 > 4
395 617 > 37
395 650 > 6
395 651 > 30
395 784 > 4
395 785 > 39
396 397 = 238
396 614 > 5
396 615 > 7
397 614 > 16
397 615 > 31
397 880 > 20
397 881 > 42
398 399 = 238
398 504 > 46
398 505 > 38
398 656 > 48
398 657 > 18
398 826 > 44
398 827 > 21
398 856 > 40
398 857 > 13
399 504 > 12
399 505 > 49
399 526 > 15
399 527 > 34
399 656 > 6
399 657 > 51
399 826 > 5
399 827 > 8
400 401 = 238
400 494 > 52
400 495 > 26
400 550 > 5
400 551 > 29
400 602 > 12
400 603 > 9
400 796 > 18
400 797 > 8
401 550 > 23
401 551 > 39
401 578 > 6
401 579 > 6
401 602 > 17
401 603 > 19
401 796 > 66
401 797 > 54
402 403 = 238
402 616 > 69
402 617 > 7
402 724 > 10
402 725 > 41
402 764 > 4
402 765 > 5
402 812 > 7
402 813 > 4
403 616 > 47
403 617 > 10
403 690 > 10
403 691 > 33
403 724 > 20
403 725 > 10
403 812 > 15
403 813 > 54
404 405 = 238
404 420 > 10
404 421 > 17
404 472 > 24
404 473 > 13
404 496 > 13
404 497 > 52
405 420 > 6
405 421 > 7
405 472 > 67
405 473 > 10
405 496 > 44
405 497 > 13
406 407 = 238
406 862 > 26
406 863 > 7
407 862 > 13
407 863 > 4
407 868 > 5
407 869 > 26
408 409 = 238
408 588 > 14
408 589 > 29
408 748 > 9
408 749 > 35
408 886 > 6
408 887 > 12
409 588 > 12
409 589 > 13
409 660 > 54
409 661 > 12
409 748 > 6
409 749 > 7
410 411 = 238
411 450 > 9
411 451 > 8
412 413 = 238
412 586 > 13
412 587 > 29
413 586 > 10
413 587 > 52
414 415 = 238
414 622 > 41
414 623 > 8
414 654 > 5
414 655 > 14
414 720 > 12
414 721 > 26
415 622 > 15
415 623 > 8
415 720 > 35
415 721 > 6
415 852 > 24
415 853 > 19
416 417 = 238
416 678 > 8
416 679 > 5
416 702 > 15
416 703 > 18
417 678 > 56
417 679 > 19
418 419 = 238
418 438 > 36
418 439 > 71
418 668 > 7
418 669 > 17
418 766 > 5
418 767 > 25
419 668 > 8
419 669 > 4
419 766 > 27
419 767 > 11
419 772 > 8
419 773 > 9
420 421 = 238
420 496 > 12
420 497 > 9
421 496 > 15
421 497 > 41
421 874 > 23
421 875 > 20
422 423 = 238
422 496 > 18
422 497 > 47
422 518 > 39
422 519 > 8
422 672 > 24
422 673 > 21
422 712 > 25
422 713 > 4
423 518 > 34
423 519 > 45
423 672 > 55
423 673 > 4
423 688 > 19
423 689 > 35
423 712 > 48
423 713 > 45
424 425 = 238
424 454 > 4
424 455 > 4
424 460 > 43
424 461 > 10
424 472 > 9
424 473 > 35
424 564 > 26
424 565 > 4
425 460 > 41
425 461 > 52
425 472 > 5
425 473 > 15
425 480 > 39
425 481 > 41
425 564 > 10
425 565 > 34
426 427 = 238
426 528 > 52
426 529 > 41
426 816 > 10
426 817 > 10
426 836 > 10
426 837 > 29
427 528 > 4
427 529 > 5
427 630 > 21
427 631 > 29
427 816 > 39
427 817 > 7
428 429 = 238
428 752 > 13
428 753 > 14
429 696 > 43
429 697 > 12
430 431 = 238
430 642 > 7
430 643 > 27
431 774 > 17
431 775 > 7
432 433 = 238
432 542 > 11
432 543 > 18
432 788 > 11
432 789 > 32
432 854 > 4
432 855 > 16
433 788 > 15
433 789 > 23
433 810 > 22
433 811 > 11
433 854 > 24
433 855 > 11
434 435 = 238
434 458 > 4
434 459 > 33
434 462 > 56
434 463 > 4
434 480 > 12
434 481 > 18
434 540 > 15
434 541 > 51
435 462 > 34
435 463 > 10
435 470 > 15
435 471 > 24
435 480 > 21
435 481 > 29
435 540 > 56
435 541 > 43
436 437 = 238
436 630 > 31
436 631 > 8
436 832 > 9
436 833 > 29
436 862 > 9
436 863 > 28
437 630 > 13
437 631 > 7
437 832 > 20
437 833 > 10
437 860 > 18
437 861 > 4
438 439 = 238
438 460 > 65
438 461 > 47
438 502 > 5
438 503 > 34
438 838 > 10
438 839 > 44
438 842 > 55
438 843 > 24
439 502 > 7
439 503 > 13
439 838 > 7
439 839 > 6
439 842 > 49
439 843 > 9
439 876 > 10
439 877 > 23
440 441 = 238
440 456 > 4
440 457 > 6
440 738 > 56
440 739 > 24
440 820 > 6
440 821 > 19
441 738 > 17
441 739 > 15
441 820 > 12
441 821 > 13
442 443 = 238
442 774 > 23
442 775 > 25
442 874 > 4
442 875 > 11
442 886 > 8
442 887 > 23
443 774 > 10
443 775 > 57
443 874 > 4
443 875 > 5
444 445 = 238
444 648 > 29
444 649 > 44
445 474 > 5
445 475 > 7
446 447 = 238
446 684 > 13
446 685 > 5
446 760 > 4
446 761 > 18
446 770 > 13
446 771 > 15
447 684 > 44
447 685 > 55
447 746 > 32
447 747 > 6
447 770 > 12
447 771 > 12
448 449 = 238
448 494 > 43
448 495 > 23
448 592 > 17
448 593 > 48
449 592 > 16
449 593 > 22
450 451 = 238
450 860 > 4
450 861 > 4
451 860 > 37
451 861 > 5
452 453 = 238
452 474 > 30
452 475 > 42
452 514 > 8
452 515 > 7
452 654 > 20
452 655 > 9
452 704 > 30
452 705 > 9
453 514 > 4
453 515 > 13
453 654 > 8
453 655 > 18
453 700 > 8
453 701 > 16
453 704 > 43
453 705 > 36
454 455 = 238
454 554 > 34
454 555 > 17
454 570 > 19
454 571 > 53
454 598 > 4
454 599 > 6
455 570 > 43
455 571 > 6
455 580 > 37
455 581 > 13
455 598 > 30
455 599 > 13
456 457 = 238
456 520 > 36
456 521 > 9
457 718 > 6
457 719 > 4
458 459 = 238
458 466 > 14
458 467 > 34
458 634 > 27
458 635 > 4
459 634 > 22
459 635 > 5
460 461 = 238
460 472 > 32
460 473 > 33
460 564 > 5
460 565 > 51
461 472 > 17
461 473 > 4
461 564 > 38
461 565 > 8
462 463 = 238
462 472 > 46
462 473 > 25
462 480 > 42
462 481 > 31
462 540 > 12
462 541 > 4
463 480 > 5
463 481 > 56
463 540 > 6
463 541 > 10
464 465 = 238
464 536 > 13
464 537 > 37
465 536 > 22
465 537 > 20
465 758 > 6
465 759 > 16
466 467 = 238
466 676 > 9
466 677 > 11
466 706 > 10
466 707 > 42
466 758 > 5
466 759 > 5
467 676 > 27
467 677 > 5
467 706 > 47
467 707 > 10
467 882 > 10
467 883 > 6
468 469 = 238
468 480 > 52
468 481 > 15
468 506 > 4
468 507 > 50
468 566 > 4
468 567 > 14
469 506 > 8
469 507 > 13
469 566 > 21
469 567 > 4
469 592 > 21
469 593 > 13
470 471 = 238
470 554 > 55
470 555 > 23
470 580 > 4
470 581 > 4
470 898 > 11
470 899 > 20
471 554 > 9
471 555 > 43
471 570 > 28
471 571 > 19
471 580 > 6
471 581 > 8
472 473 = 238
472 564 > 26
472 565 > 8
472 854 > 13
472 855 > 10
473 564 > 7
473 565 > 4
473 632 > 16
473 633 > 27
474 475 = 238
474 500 > 24
474 501 > 13
474 530 > 6
474 531 > 8
474 750 > 5
474 751 > 9
475 500 > 29
475 501 > 18
475 750 > 54
475 751 > 11
476 477 = 238
476 596 > 22
476 597 > 32
476 650 > 5
476 651 > 7
476 784 > 5
476 785 > 35
477 650 > 23
477 651 > 36
477 716 > 32
477 717 > 10
477 784 > 15
477 785 > 13
478 479 = 238
478 516 > 18
478 517 > 38
478 594 > 12
478 595 > 5
479 516 > 8
479 517 > 46
479 594 > 17
479 595 > 9
480 481 = 238
480 540 > 14
480 541 > 6
480 702 > 28
480 703 > 50
481 540 > 22
481 541 > 17
481 734 > 33
481 735 > 4
482 483 = 238
482 542 > 9
482 543 > 12
482 794 > 15
482 795 > 27
482 850 > 5
482 851 > 9
483 794 > 47
483 795 > 5
483 850 > 14
483 851 > 6
484 485 = 238
484 562 > 31
484 563 > 42
484 638 > 7
484 639 > 17
485 562 > 26
485 563 > 16
485 596 > 4
485 597 > 27
485 638 > 56
485 639 > 6
486 487 = 238
486 758 > 14
486 759 > 9
486 820 > 13
486 821 > 12
487 758 > 16
487 759 > 34
487 824 > 14
487 825 > 4
488 489 = 238
489 606 > 12
489 607 > 4
490 491 = 238
490 540 > 7
490 541 > 17
490 604 > 25
490 605 > 48
490 716 > 4
490 717 > 55
491 604 > 22
491 605 > 11
491 716 > 25
491 717 > 9
491 772 > 9
491 773 > 5
492 493 = 238
492 498 > 6
492 499 > 27
492 708 > 10
492 709 > 10
492 778 > 6
492 779 > 14
493 708 > 13
493 709 > 17
493 778 > 34
493 779 > 9
493 880 > 29
493 881 > 10
494 495 = 238
494 588 > 19
494 589 > 8
494 596 > 13
494 597 > 6
494 722 > 13
494 723 > 16
495 596 > 41
495 597 > 8
495 644 > 15
495 645 > 4
495 722 > 7
495 723 > 6
496 497 = 238
497 764 > 8
497 765 > 40
498 499 = 238
499 718 > 8
499 719 > 12
500 501 = 238
500 750 > 16
500 751 > 29
500 766 > 48
500 767 > 8
501 750 > 12
501 751 > 34
502 503 = 238
502 822 > 12
502 823 > 24
502 838 > 17
502 839 > 52
502 842 > 12
502 843 > 50
503 838 > 7
503 839 > 11
503 842 > 32
503 843 > 12
503 846 > 22
503 847 > 14
504 505 = 238
504 656 > 13
504 657 > 14
504 826 > 6
504 827 > 20
505 656 > 32
505 657 > 17
505 802 > 18
505 803 > 4
505 826 > 24
505 827 > 6
506 507 = 238
506 566 > 42
506 567 > 11
506 626 > 6
506 627 > 19
507 566 > 14
507 567 > 16
507 734 > 30
507 735 > 5
508 509 = 238
508 552 > 7
508 553 > 4
508 718 > 12
508 719 > 48
509 552 > 6
509 553 > 8
510 511 = 238
510 780 > 35
510 781 > 13
510 882 > 21
510 883 > 5
511 780 > 66
511 781 > 38
511 784 > 30
511 785 > 5
512 513 = 238
512 536 > 29
512 537 > 17
512 710 > 29
512 711 > 53
513 710 > 11
513 711 > 59
513 770 > 6
513 771 > 28
514 515 = 238
514 654 > 34
514 655 > 5
514 704 > 8
514 705 > 9
515 654 > 5
515 655 > 6
515 656 > 5
515 657 > 8
515 704 > 16
515 705 > 7
516 517 = 238
516 532 > 48
516 533 > 24
516 594 > 5
516 595 > 26
517 594 > 74
517 595 > 10
518 519 = 238
518 672 > 12
518 673 > 51
518 712 > 5
518 713 > 47
519 672 > 44
519 673 > 50
519 712 > 25
519 713 > 5
519 832 > 22
519 833 > 5
520 521 = 238
520 556 > 18
520 557 > 22
520 694 > 31
520 695 > 12
521 694 > 23
521 695 > 16
522 523 = 238
522 744 > 41
522 745 > 10
522 746 > 9
522 747 > 58
522 772 > 12
522 773 > 22
523 744 > 33
523 745 > 56
523 772 > 22
523 773 > 11
524 525 = 238
524 582 > 10
524 583 > 4
524 620 > 11
524 621 > 25
525 620 > 8
525 621 > 36
525 636 > 16
525 637 > 58
526 527 = 238
526 748 > 54
526 749 > 19
526 814 > 10
526 815 > 5
527 814 > 17
527 815 > 32
527 882 > 13
527 883 > 4
528 529 = 238
528 816 > 12
528 817 > 4
528 874 > 50
528 875 > 50
529 816 > 46
529 817 > 11
530 531 = 238
530 658 > 14
530 659 > 9
530 660 > 39
530 661 > 6
531 660 > 26
531 661 > 6
531 784 > 8
531 785 > 7
532 533 = 238
532 822 > 17
532 823 > 21
533 628 > 17
533 629 > 38
534 535 = 238
534 582 > 18
534 583 > 4
534 760 > 39
534 761 > 6
535 582 > 5
535 583 > 33
535 664 > 4
535 665 > 45
536 537 = 238
536 904 > 37
536 905 > 5
537 718 > 19
537 719 > 11
538 539 = 238
538 606 > 16
538 607 > 11
538 696 > 29
538 697 > 21
538 702 > 10
538 703 > 30
539 696 > 6
539 697 > 8
539 700 > 19
539 701 > 28
539 702 > 10
539 703 > 6
540 541 = 238
541 856 > 8
541 857 > 17
542 543 = 238
542 730 > 14
542 731 > 5
543 670 > 18
543 671 > 9
544 545 = 238
544 896 > 7
544 897 > 4
545 782 > 7
545 783 > 6
546 547 = 238
546 576 > 63
546 577 > 25
546 600 > 50
546 601 > 23
547 600 > 22
547 601 > 18
548 549 = 238
548 552 > 13
548 553 > 28
548 666 > 6
548 667 > 11
548 786 > 9
548 787 > 8
549 666 > 38
549 667 > 34
549 786 > 12
549 787 > 7
549 868 > 22
549 869 > 4
550 551 = 238
550 558 > 5
550 559 > 21
550 602 > 6
550 603 > 13
550 796 > 11
550 797 > 56
551 602 > 51
551 603 > 13
551 796 > 54
551 797 > 12
551 808 > 4
551 809 > 13
552 553 = 238
552 644 > 14
552 645 > 5
553 584 > 17
553 585 > 10
554 555 = 238
554 580 > 14
554 581 > 16
555 580 > 51
555 581 > 34
555 860 > 10
555 861 > 34
556 557 = 238
556 646 > 10
556 647 > 19
556 740 > 11
556 741 > 42
556 840 > 4
556 841 > 15
557 646 > 4
557 647 > 5
557 740 > 38
557 741 > 7
558 559 = 238
558 694 > 9
558 695 > 51
558 736 > 4
558 737 > 11
559 736 > 55
559 737 > 32
559 880 > 7
559 881 > 12
560 561 = 238
560 662 > 5
560 663 > 36
560 678 > 10
560 679 > 17
560 690 > 8
560 691 > 35
561 662 > 49
561 663 > 6
561 690 > 18
561 691 > 11
561 818 > 43
561 819 > 4
562 563 = 238
562 638 > 15
562 639 > 25
563 638 > 5
563 639 > 40
564 565 = 238
565 798 > 8
565 799 > 11
566 567 = 238
567 718 > 32
567 719 > 7
568 569 = 238
568 690 > 12
568 691 > 5
568 730 > 43
568 731 > 6
568 746 > 8
568 747 > 52
569 730 > 40
569 731 > 9
569 746 > 15
569 747 > 7
570 571 = 238
570 576 > 28
570 577 > 18
570 598 > 17
570 599 > 44
571 598 > 4
571 599 > 7
572 573 = 238
572 606 > 22
572 607 > 45
572 626 > 7
572 627 > 44
572 702 > 5
572 703 > 23
573 606 > 6
573 607 > 34
573 626 > 25
573 627 > 11
574 575 = 238
574 790 > 9
574 791 > 62
574 804 > 17
574 805 > 50
575 804 > 41
575 805 > 7
575 892 > 10
575 893 > 4
576 577 = 238
576 698 > 31
576 699 > 22
576 712 > 5
576 713 > 11
576 734 > 7
576 735 > 38
577 698 > 19
577 699 > 10
577 716 > 23
577 717 > 12
577 734 > 17
577 735 > 10
578 579 = 238
578 610 > 23
578 611 > 29
578 636 > 4
578 637 > 8
579 610 > 10
579 611 > 10
579 628 > 8
579 629 > 19
579 636 > 4
579 637 > 11
580 581 = 238
580 822 > 26
580 823 > 16
581 640 > 54
581 641 > 7
582 583 = 238
582 864 > 11
582 865 > 30
583 822 > 79
583 823 > 30
584 585 = 238
584 782 > 4
584 783 > 10
584 784 > 10
584 785 > 27
584 802 > 12
584 803 > 6
585 782 > 47
585 783 > 14
585 796 > 4
585 797 > 5
585 802 > 41
585 803 > 12
586 587 = 238
587 696 > 15
587 697 > 11
588 589 = 238
588 748 > 35
588 749 > 7
588 790 > 16
588 791 > 14
589 748 > 5
589 749 > 47
590 591 = 238
590 732 > 9
590 733 > 13
590 834 > 13
590 835 > 15
590 894 > 10
590 895 > 21
591 732 > 12
591 733 > 4
591 834 > 14
591 835 > 4
591 880 > 21
591 881 > 11
592 593 = 238
593 622 > 41
593 623 > 21
594 595 = 238
595 724 > 5
595 725 > 8
596 597 = 238
596 722 > 15
596 723 > 5
597 722 > 20
597 723 > 36
597 804 > 5
597 805 > 10
598 599 = 238
598 658 > 7
598 659 > 11
599 632 > 20
599 633 > 8
600 601 = 238
600 756 > 17
600 757 > 8
601 822 > 11
601 823 > 14
602 603 = 238
602 658 > 17
602 659 > 18
602 796 > 9
602 797 > 17
603 796 > 56
603 797 > 26
603 806 > 61
603 807 > 8
604 605 = 238
604 716 > 19
604 717 > 17
605 716 > 43
605 717 > 16
605 784 > 26
605 785 > 38
606 607 = 238
606 626 > 14
606 627 > 25
606 740 > 4
606 741 > 4
607 626 > 12
607 627 > 33
607 882 > 19
607 883 > 22
608 609 = 238
608 764 > 14
608 765 > 29
608 770 > 8
608 771 > 9
608 808 > 4
608 809 > 22
609 764 > 30
609 765 > 37
609 770 > 5
609 771 > 12
609 808 > 4
609 809 > 4
610 611 = 238
610 636 > 11
610 637 > 47
611 636 > 8
611 637 > 11
611 736 > 56
611 737 > 20
612 613 = 238
612 756 > 28
612 757 > 13
612 790 > 10
612 791 > 10
612 806 > 6
612 807 > 15
613 756 > 16
613 757 > 8
613 780 > 5
613 781 > 8
613 790 > 32
613 791 > 12
614 615 = 238
615 618 > 4
615 619 > 12
616 617 = 238
616 638 > 12
616 639 > 30
616 724 > 18
616 725 > 7
616 812 > 13
616 813 > 21
617 724 > 29
617 725 > 10
617 756 > 4
617 757 > 16
617 812 > 7
617 813 > 9
618 619 = 238
618 646 > 4
618 647 > 7
618 652 > 4
618 653 > 16
618 858 > 4
618 859 > 7
619 652 > 10
619 653 > 4
619 858 > 9
619 859 > 6
620 621 = 238
620 768 > 39
620 769 > 27
621 846 > 12
621 847 > 18
622 623 = 238
622 720 > 14
622 721 > 15
622 796 > 5
622 797 > 14
623 720 > 49
623 721 > 45
624 625 = 238
624 692 > 46
624 693 > 28
624 702 > 9
624 703 > 17
625 692 > 22
625 693 > 55
625 736 > 20
625 737 > 4
626 627 = 238
626 668 > 20
626 669 > 8
627 896 > 7
627 897 > 27
628 629 = 238
628 810 > 34
628 811 > 5
628 824 > 36
628 825 > 7
629 810 > 15
629 811 > 25
630 631 = 238
630 832 > 14
630 833 > 6
630 868 > 30
630 869 > 7
631 832 > 55
631 833 > 33
631 858 > 8
631 859 > 12
632 633 = 238
632 724 > 20
632 725 > 14
632 866 > 37
632 867 > 31
632 882 > 7
632 883 > 27
633 866 > 5
633 867 > 14
633 874 > 40
633 875 > 4
633 882 > 55
633 883 > 12
634 635 = 238
634 676 > 12
634 677 > 39
635 756 > 33
635 757 > 6
636 637 = 238
636 896 > 42
636 897 > 48
637 752 > 43
637 753 > 37
638 639 = 238
638 640 > 7
638 641 > 7
639 896 > 15
639 897 > 42
640 641 = 238
640 762 > 4
640 763 > 6
641 762 > 29
641 763 > 39
642 643 = 238
642 740 > 7
642 741 > 54
642 852 > 10
642 853 > 7
642 868 > 5
642 869 > 37
643 852 > 4
643 853 > 7
643 868 > 40
643 869 > 5
644 645 = 238
644 658 > 31
644 659 > 51
644 682 > 27
644 683 > 6
645 682 > 47
645 683 > 47
646 647 = 238
646 690 > 18
646 691 > 16
646 740 > 13
646 741 > 12
647 740 > 9
647 741 > 18
647 796 > 30
647 797 > 48
648 649 = 238
648 670 > 7
648 671 > 20
648 674 > 13
648 675 > 22
649 674 > 4
649 675 > 26
650 651 = 238
650 784 > 13
650 785 > 44
650 906 > 5
650 907 > 25
651 784 > 6
651 785 > 16
651 906 > 42
651 907 > 52
652 653 = 238
652 808 > 8
652 809 > 19
652 858 > 23
652 859 > 10
653 858 > 4
653 859 > 41
653 910 > 20
653 911 > 6
654 655 = 238
654 690 > 45
654 691 > 6
654 704 > 28
654 705 > 41
655 704 > 61
655 705 > 7
656 657 = 238
656 720 > 14
656 721 > 39
656 826 > 7
656 827 > 21
657 826 > 12
657 827 > 6
657 884 > 13
657 885 > 60
658 659 = 238
658 710 > 13
658 711 > 45
658 728 > 23
658 729 > 8
658 754 > 12
658 755 > 29
659 728 > 30
659 729 > 48
659 754 > 40
659 755 > 7
659 830 > 6
659 831 > 7
660 661 = 238
660 864 > 6
660 865 > 20
661 822 > 23
661 823 > 10
662 663 = 238
662 690 > 28
662 691 > 5
663 690 > 4
663 691 > 34
663 898 > 23
663 899 > 24
664 665 = 238
664 700 > 5
664 701 > 11
664 726 > 55
664 727 > 5
664 830 > 4
664 831 > 7
665 726 > 22
665 727 > 30
665 830 > 45
665 831 > 11
666 667 = 238
666 694 > 36
666 695 > 9
666 786 > 4
666 787 > 7
667 786 > 27
667 787 > 19
667 804 > 20
667 805 > 12
668 669 = 238
668 766 > 7
668 767 > 26
669 766 > 18
669 767 > 17
669 874 > 16
669 875 > 48
670 671 = 238
670 706 > 7
670 707 > 38
670 792 > 16
670 793 > 59
670 840 > 13
670 841 > 23
671 792 > 13
671 793 > 32
671 802 > 19
671 803 > 4
671 840 > 7
671 841 > 7
672 673 = 238
672 690 > 14
672 691 > 13
672 712 > 20
672 713 > 5
673 712 > 6
673 713 > 34
673 798 > 37
673 799 > 8
674 675 = 238
674 852 > 37
674 853 > 16
675 764 > 24
675 765 > 12
676 677 = 238
676 706 > 22
676 707 > 28
677 706 > 29
677 707 > 14
677 710 > 13
677 711 > 36
678 679 = 238
679 878 > 5
679 879 > 10
680 681 = 238
681 756 > 80
681 757 > 29
682 683 = 238
682 908 > 22
682 909 > 26
683 788 > 12
683 789 > 43
684 685 = 238
684 770 > 45
684 771 > 22
684 810 > 26
684 811 > 5
685 770 > 8
685 771 > 4
685 898 > 56
685 899 > 13
686 687 = 238
686 704 > 15
686 705 > 7
686 824 > 7
686 825 > 16
687 824 > 8
687 825 > 35
688 689 = 238
688 734 > 23
688 735 > 33
688 806 > 21
688 807 > 24
689 806 > 31
689 807 > 10
689 862 > 10
689 863 > 16
690 691 = 238
690 852 > 20
690 853 > 10
691 822 > 4
691 823 > 56
692 693 = 238
693 904 > 13
693 905 > 8
694 695 = 238
694 908 > 5
694 909 > 5
695 764 > 33
695 765 > 5
696 697 = 238
696 702 > 5
696 703 > 4
697 702 > 45
697 703 > 10
697 740 > 5
697 741 > 54
698 699 = 238
698 734 > 6
698 735 > 44
699 734 > 27
699 735 > 27
699 770 > 40
699 771 > 5
700 701 = 238
700 876 > 38
700 877 > 15
701 876 > 26
701 877 > 40
701 884 > 54
701 885 > 8
702 703 = 238
702 792 > 33
702 793 > 22
703 822 > 6
703 823 > 26
704 705 = 238
704 822 > 14
704 823 > 48
705 864 > 13
705 865 > 23
706 707 = 238
706 856 > 38
706 857 > 15
707 756 > 6
707 757 > 16
708 709 = 238
708 778 > 27
708 779 > 19
708 868 > 27
708 869 > 6
709 778 > 10
709 779 > 6
710 711 = 238
710 724 > 47
710 725 > 30
711 774 > 7
711 775 > 13
712 713 = 238
713 896 > 18
713 897 > 4
714 715 = 238
714 890 > 36
714 891 > 14
715 912 > 10
715 913 > 25
716 717 = 238
717 764 > 31
717 765 > 24
718 719 = 238
718 768 > 4
718 769 > 9
718 848 > 8
718 849 > 27
718 888 > 7
718 889 > 24
719 768 > 41
719 769 > 7
719 888 > 32
719 889 > 12
720 721 = 238
720 800 > 8
720 801 > 24
721 878 > 23
721 879 > 8
722 723 = 238
722 864 > 24
722 865 > 19
723 890 > 9
723 891 > 9
724 725 = 238
724 812 > 32
724 813 > 16
724 874 > 14
724 875 > 14
725 812 > 12
725 813 > 24
725 882 > 5
725 883 > 42
726 727 = 238
726 830 > 22
726 831 > 20
726 858 > 28
726 859 > 8
727 830 > 56
727 831 > 30
727 902 > 31
727 903 > 22
728 729 = 238
728 736 > 15
728 737 > 22
728 754 > 5
728 755 > 7
729 754 > 39
729 755 > 6
730 731 = 238
730 746 > 6
730 747 > 21
731 746 > 18
731 747 > 7
732 733 = 238
732 834 > 15
732 835 > 21
732 840 > 6
732 841 > 37
733 834 > 33
733 835 > 13
733 880 > 19
733 881 > 27
734 735 = 238
734 908 > 22
734 909 > 8
735 828 > 41
735 829 > 4
736 737 = 238
737 908 > 6
737 909 > 43
738 739 = 238
738 820 > 26
738 821 > 21
738 848 > 7
738 849 > 15
739 820 > 50
739 821 > 26
740 741 = 238
740 822 > 14
740 823 > 5
741 838 > 9
741 839 > 5
742 743 = 238
742 846 > 49
742 847 > 11
742 856 > 37
742 857 > 11
742 880 > 6
742 881 > 13
743 856 > 5
743 857 > 13
743 880 > 44
743 881 > 6
744 745 = 238
744 772 > 68
744 773 > 50
744 796 > 10
744 797 > 17
745 772 > 25
745 773 > 8
746 747 = 238
746 822 > 54
746 823 > 14
747 788 > 29
747 789 > 16
748 749 = 238
748 822 > 8
748 823 > 19
749 864 > 57
749 865 > 45
750 751 = 238
751 884 > 47
751 885 > 11
752 753 = 238
752 758 > 20
752 759 > 10
752 760 > 10
752 761 > 9
753 760 > 52
753 761 > 17
754 755 = 238
754 896 > 50
754 897 > 26
755 908 > 18
755 909 > 7
756 757 = 238
756 790 > 31
756 791 > 14
756 898 > 18
756 899 > 40
757 790 > 8
757 791 > 4
758 759 = 238
758 852 > 45
758 853 > 4
759 846 > 17
759 847 > 36
760 761 = 238
761 788 > 7
761 789 > 48
762 763 = 238
762 896 > 26
762 897 > 53
763 782 > 9
763 783 > 22
764 765 = 238
764 808 > 15
764 809 > 27
764 832 > 43
764 833 > 19
765 808 > 9
765 809 > 51
765 848 > 17
765 849 > 9
766 767 = 238
766 782 > 10
766 783 > 15
767 822 > 72
767 823 > 55
768 769 = 238
768 888 > 17
768 889 > 56
768 898 > 37
768 899 > 26
769 888 > 22
769 889 > 7
770 771 = 238
771 896 > 4
771 897 > 18
772 773 = 238
772 904 > 54
772 905 > 10
773 774 > 22
773 775 > 6
774 775 = 238
774 858 > 17
774 859 > 29
774 874 > 17
774 875 > 17
775 874 > 6
775 875 > 22
775 892 > 4
775 893 > 27
776 777 = 238
776 830 > 13
776 831 > 9
776 846 > 7
776 847 > 21
776 848 > 12
776 849 > 24
777 846 > 12
777 847 > 9
777 848 > 7
777 849 > 5
777 860 > 20
777 861 > 13
778 779 = 238
779 788 > 76
779 789 > 11
780 781 = 238
781 870 > 26
781 871 > 14
782 783 = 238
782 802 > 39
782 803 > 7
783 802 > 12
783 803 > 7
783 836 > 22
783 837 > 4
784 785 = 238
784 890 > 21
784 891 > 55
785 896 > 51
785 897 > 15
786 787 = 238
787 904 > 33
787 905 > 52
788 789 = 238
788 806 > 17
788 807 > 27
788 854 > 19
788 855 > 11
789 854 > 44
789 855 > 10
790 791 = 238
791 878 > 21
791 879 > 12
792 793 = 238
792 840 > 33
792 841 > 17
792 848 > 13
792 849 > 34
793 840 > 32
793 841 > 25
794 795 = 238
794 850 > 24
794 851 > 12
794 858 > 16
794 859 > 6
795 850 > 18
795 851 > 5
796 797 = 238
797 856 > 28
797 857 > 7
798 799 = 238
798 802 > 7
798 803 > 49
798 822 > 6
798 823 > 32
798 836 > 4
798 837 > 9
799 822 > 35
799 823 > 22
799 832 > 25
799 833 > 13
799 836 > 15
799 837 > 7
800 801 = 238
800 840 > 10
800 841 > 20
800 864 > 7
800 865 > 12
800 886 > 5
800 887 > 8
801 864 > 8
801 865 > 48
801 886 > 4
801 887 > 10
802 803 = 238
803 864 > 48
803 865 > 20
804 805 = 238
805 912 > 6
805 913 > 23
806 807 = 238
806 872 > 33
806 873 > 15
807 864 > 4
807 865 > 20
808 809 = 238
808 838 > 33
808 839 > 43
809 828 > 10
809 829 > 12
810 811 = 238
810 904 > 35
810 905 > 22
811 908 > 11
811 909 > 39
812 813 = 238
812 822 > 50
812 823 > 5
813 884 > 7
813 885 > 12
814 815 = 238
815 878 > 20
815 879 > 8
816 817 = 238
816 866 > 16
816 867 > 15
817 896 > 5
817 897 > 44
818 819 = 238
819 846 > 19
819 847 > 54
820 821 = 238
820 878 > 8
820 879 > 6
821 904 > 9
821 905 > 56
822 823 = 238
822 836 > 13
822 837 > 9
823 836 > 32
823 837 > 19
824 825 = 238
825 890 > 7
825 891 > 19
826 827 = 238
826 838 > 27
826 839 > 9
827 896 > 7
827 897 > 6
828 829 = 238
828 832 > 4
828 833 > 8
828 890 > 30
828 891 > 22
828 900 > 9
828 901 > 8
829 890 > 35
829 891 > 11
829 900 > 21
829 901 > 9
829 906 > 24
829 907 > 12
830 831 = 238
830 884 > 11
830 885 > 21
831 884 > 13
831 885 > 7
832 833 = 238
832 866 > 41
832 867 > 14
833 846 > 30
833 847 > 54
834 835 = 238
834 896 > 37
834 897 > 7
835 890 > 18
835 891 > 24
836 837 = 238
836 908 > 4
836 909 > 22
837 884 > 6
837 885 > 8
838 839 = 238
838 842 > 36
838 843 > 16
838 844 > 14
838 845 > 14
839 842 > 14
839 843 > 32
840 841 = 238
841 912 > 14
841 913 > 20
842 843 = 238
842 864 > 18
842 865 > 4
843 890 > 37
843 891 > 31
844 845 = 238
844 912 > 25
844 913 > 25
845 878 > 12
845 879 > 13
846 847 = 238
846 848 > 22
846 849 > 53
846 884 > 55
846 885 > 18
847 848 > 49
847 849 > 23
848 849 = 238
849 884 > 17
849 885 > 13
850 851 = 238
850 864 > 10
850 865 > 6
851 904 > 6
851 905 > 50
852 853 = 238
852 868 > 30
852 869 > 4
852 910 > 8
852 911 > 11
853 868 > 17
853 869 > 16
853 900 > 5
853 901 > 47
854 855 = 238
854 904 > 12
854 905 > 67
855 878 > 47
855 879 > 6
856 857 = 238
856 880 > 6
856 881 > 23
857 880 > 21
857 881 > 8
858 859 = 238
858 878 > 13
858 879 > 10
859 890 > 35
859 891 > 26
860 861 = 238
861 904 > 39
861 905 > 25
862 863 = 238
862 896 > 36
862 897 > 36
863 904 > 15
863 905 > 11
864 865 = 238
864 880 > 22
864 881 > 52
864 886 > 56
864 887 > 34
865 886 > 9
865 887 > 37
865 900 > 29
865 901 > 6
866 867 = 238
866 868 > 4
866 869 > 36
866 882 > 17
866 883 > 5
867 882 > 4
867 883 > 12
867 900 > 10
867 901 > 34
868 869 = 238
869 890 > 8
869 891 > 24
870 871 = 238
870 894 > 4
870 895 > 69
870 898 > 80
870 899 > 10
871 894 > 27
871 895 > 54
872 873 = 238
872 878 > 7
872 879 > 16
872 892 > 10
872 893 > 17
873 892 > 10
873 893 > 5
873 910 > 19
873 911 > 35
874 875 = 238
874 896 > 51
874 897 > 56
875 884 > 4
875 885 > 6
876 877 = 238
877 912 > 13
877 913 > 47
878 879 = 238
878 894 > 11
878 895 > 4
878 896 > 29
878 897 > 5
878 898 > 4
878 899 > 7
879 896 > 22
879 897 > 6
879 898 > 22
879 899 > 9
880 881 = 238
880 884 > 6
880 885 > 56
881 912 > 37
881 913 > 5
882 883 = 238
882 912 > 46
882 913 > 31
883 890 > 10
883 891 > 16
884 885 = 238
884 892 > 6
884 893 > 8
884 904 > 15
884 905 > 8
884 906 > 5
884 907 > 11
885 904 > 14
885 905 > 34
885 906 > 58
885 907 > 12
886 887 = 238
886 908 > 39
886 909 > 8
887 904 > 40
887 905 > 56
888 889 = 238
888 904 > 22
888 905 > 26
889 904 > 7
889 905 > 9
890 891 = 238
890 892 > 10
890 893 > 31
890 900 > 62
890 901 > 27
891 900 > 4
891 901 > 10
891 910 > 4
891 911 > 24
892 893 = 238
893 896 > 54
893 897 > 7
894 895 = 238
894 904 > 26
894 905 > 42
895 908 > 6
895 909 > 30
896 897 = 238
896 898 > 27
896 899 > 17
897 898 > 47
897 899 > 10
898 899 = 238
898 912 > 37
898 913 > 30
899 904 > 24
899 905 > 35
900 901 = 238
900 912 > 39
900 913 > 31
901 904 > 51
901 905 > 40
902 903 = 238
902 912 > 35
902 913 > 8
903 908 > 10
903 909 > 20
904 905 = 238
904 906 > 11
904 907 > 27
904 910 > 41
904 911 > 14
905 906 > 11
905 907 > 4
905 910 > 53
905 911 > 12
906 907 = 238
906 908 > 5
906 909 > 4
907 912 > 41
907 913 > 15
908 909 = 238
908 910 > 21
908 911 > 19
909 910 > 7
909 911 > 47
910 911 = 238
911 912 > 45
911 913 > 31
912 913 = 238
912 914 > 14
912 915 > 37
913 914 > 24
913 915 > 13
914 915 = 238
