1235
0 1 = 238
0 3 > 84
0 61 > 56
0 62 > 2
0 63 > 56
0 90 > 9
0 91 > 56
0 118 > 11
0 119 > 56
0 154 > 56
0 155 > 7
0 178 > 20
0 179 > 56
1 2 > 84
1 60 > 56
1 63 > 5
1 90 > 56
1 91 > 9
1 118 > 56
1 119 > 11
1 154 > 8
1 155 > 56
1 178 > 56
1 179 > 12
2 3 = 238
2 60 > 2
2 61 > 56
2 62 > 2
2 63 > 56
2 90 > 9
2 91 > 56
2 118 > 11
2 119 > 56
2 154 > 56
2 155 > 7
2 178 > 20
2 179 > 56
3 60 > 56
3 61 > 5
3 63 > 5
3 90 > 56
3 91 > 9
3 118 > 56
3 119 > 11
3 154 > 8
3 155 > 56
3 178 > 56
3 179 > 12
4 5 = 238
4 6 > 10
4 7 > 5
6 7 = 238
6 8 > 11
6 9 > 56
7 8 > 56
7 9 > 4
7 148 > 2
7 185 > 3
7 199 > 3
8 9 = 238
8 52 > 8
9 53 > 3
10 11 = 238
10 12 > 59
10 13 > 84
10 128 > 56
10 129 > 4
10 172 > 6
10 173 > 56
10 176 > 42
10 177 > 3
11 12 > 84
11 13 > 59
11 128 > 6
11 129 > 56
11 172 > 56
11 173 > 9
11 176 > 6
11 180 > 4
12 13 = 238
12 128 > 56
12 129 > 4
12 172 > 6
12 173 > 56
12 176 > 42
12 177 > 3
13 128 > 6
13 129 > 56
13 172 > 56
13 173 > 9
13 176 > 6
13 177 > 56
13 180 > 4
14 15 = 238
14 16 > 84
14 17 > 59
14 22 > 12
14 23 > 7
14 130 > 10
14 131 > 22
14 133 > 12
15 16 > 59
15 17 > 84
15 22 > 10
15 23 > 14
15 130 > 19
15 131 > 10
16 17 = 238
16 23 > 10
16 130 > 13
17 22 > 10
17 131 > 15
17 133 > 9
17 156 > 7
18 19 = 238
18 21 > 84
18 42 > 56
18 43 > 3
18 44 > 56
18 45 > 3
18 46 > 12
18 47 > 56
18 48 > 8
18 49 > 56
18 50 > 8
18 51 > 56
18 70 > 56
18 71 > 9
18 72 > 56
18 73 > 2
18 158 > 12
18 159 > 56
18 160 > 56
18 161 > 3
18 162 > 56
18 163 > 3
18 164 > 59
18 165 > 84
18 167 > 84
18 183 > 9
19 20 > 84
19 42 > 7
19 43 > 56
19 44 > 7
19 45 > 56
19 46 > 56
19 47 > 11
19 48 > 56
19 49 > 8
19 50 > 56
19 51 > 8
19 70 > 7
19 71 > 56
19 72 > 7
19 73 > 56
19 158 > 56
19 159 > 11
19 160 > 7
19 161 > 56
19 162 > 7
19 163 > 56
19 164 > 84
19 165 > 59
19 166 > 84
20 21 = 238
20 42 > 56
20 43 > 3
20 44 > 56
20 45 > 3
20 46 > 12
20 47 > 56
20 48 > 8
20 49 > 56
20 50 > 8
20 51 > 56
20 70 > 56
20 71 > 9
20 72 > 56
20 73 > 2
20 158 > 12
20 159 > 56
20 160 > 56
20 161 > 3
20 162 > 56
20 163 > 3
20 164 > 59
20 165 > 84
20 167 > 84
20 183 > 9
21 42 > 7
21 43 > 56
21 44 > 7
21 45 > 56
21 46 > 56
21 47 > 11
21 48 > 56
21 49 > 8
21 50 > 56
21 51 > 8
21 70 > 7
21 71 > 56
21 72 > 7
21 73 > 56
21 158 > 56
21 159 > 11
21 160 > 7
21 161 > 56
21 162 > 7
21 163 > 56
21 164 > 84
21 165 > 59
21 166 > 84
22 23 = 238
22 131 > 12
22 133 > 8
23 130 > 11
23 131 > 8
23 156 > 8
24 25 = 238
24 26 > 2
24 27 > 56
24 74 > 56
24 75 > 2
24 94 > 56
24 95 > 2
24 98 > 42
24 99 > 2
24 110 > 56
24 111 > 2
24 134 > 56
24 135 > 2
24 196 > 23
24 197 > 56
25 26 > 56
25 27 > 2
25 74 > 2
25 75 > 56
25 94 > 2
25 95 > 56
25 98 > 2
25 99 > 56
25 110 > 2
25 111 > 56
25 134 > 2
25 135 > 56
25 196 > 56
25 197 > 14
26 27 = 238
26 76 > 2
26 77 > 56
27 76 > 56
27 77 > 2
28 29 = 238
28 56 > 4
28 57 > 56
28 58 > 3
28 59 > 56
28 74 > 2
28 75 > 56
28 84 > 56
28 85 > 39
29 56 > 56
29 57 > 2
29 58 > 56
29 59 > 2
29 74 > 56
29 75 > 2
29 84 > 39
29 85 > 56
30 31 = 238
30 78 > 7
30 79 > 4
31 78 > 6
31 79 > 7
31 123 > 5
32 33 = 238
32 64 > 5
32 65 > 56
32 66 > 5
32 67 > 56
32 168 > 7
32 169 > 56
32 174 > 56
32 175 > 22
33 64 > 56
33 65 > 5
33 66 > 56
33 67 > 5
33 168 > 56
33 169 > 6
33 174 > 31
33 175 > 56
34 35 = 238
34 36 > 59
34 37 > 84
34 92 > 56
34 93 > 10
34 122 > 7
34 123 > 56
34 146 > 3
34 147 > 2
35 36 > 84
35 37 > 59
35 92 > 8
35 93 > 56
35 105 > 4
35 122 > 56
35 123 > 6
35 146 > 56
35 147 > 4
36 37 = 238
36 92 > 56
36 93 > 10
36 122 > 7
36 123 > 56
36 146 > 3
36 147 > 2
37 92 > 8
37 93 > 56
37 105 > 3
37 122 > 56
37 123 > 5
37 146 > 56
37 147 > 4
38 39 = 238
38 41 > 84
38 42 > 8
38 43 > 56
38 44 > 8
38 45 > 56
38 47 > 56
38 54 > 3
38 55 > 56
38 88 > 56
38 89 > 2
38 102 > 56
38 103 > 20
38 127 > 4
38 138 > 12
38 139 > 4
38 159 > 56
38 160 > 8
38 161 > 56
38 162 > 8
38 163 > 56
38 182 > 5
39 40 > 84
39 42 > 56
39 43 > 5
39 44 > 56
39 45 > 5
39 46 > 56
39 54 > 56
39 55 > 3
39 88 > 4
39 89 > 56
39 102 > 6
39 103 > 56
39 127 > 4
39 138 > 5
39 139 > 13
39 158 > 56
39 160 > 56
39 161 > 5
39 162 > 56
39 163 > 5
40 41 = 238
40 42 > 8
40 43 > 56
40 44 > 8
40 45 > 56
40 47 > 56
40 54 > 4
40 55 > 56
40 88 > 56
40 89 > 2
40 102 > 56
40 103 > 20
40 127 > 4
40 138 > 13
40 139 > 4
40 159 > 56
40 160 > 8
40 161 > 56
40 162 > 8
40 163 > 56
40 182 > 5
41 42 > 56
41 43 > 5
41 44 > 56
41 45 > 5
41 46 > 56
41 54 > 56
41 55 > 3
41 88 > 5
41 89 > 56
41 102 > 6
41 103 > 56
41 127 > 4
41 138 > 5
41 139 > 13
41 158 > 56
41 160 > 56
41 161 > 5
41 162 > 56
41 163 > 5
42 43 = 238
42 45 > 84
42 46 > 12
42 47 > 56
42 88 > 56
42 89 > 25
42 102 > 56
42 103 > 25
42 126 > 10
42 158 > 12
42 159 > 56
42 161 > 84
42 162 > 59
42 163 > 84
42 164 > 56
42 165 > 7
42 166 > 56
42 167 > 7
43 44 > 84
43 46 > 56
43 47 > 8
43 88 > 25
43 89 > 56
43 102 > 23
43 103 > 56
43 126 > 5
43 127 > 20
43 158 > 56
43 159 > 8
43 160 > 84
43 162 > 84
43 163 > 59
43 164 > 3
43 165 > 56
43 166 > 3
43 167 > 56
43 182 > 4
44 45 = 238
44 46 > 12
44 47 > 56
44 88 > 56
44 89 > 25
44 102 > 56
44 103 > 25
44 126 > 10
44 158 > 12
44 159 > 56
44 161 > 84
44 162 > 59
44 163 > 84
44 164 > 56
44 165 > 7
44 166 > 56
44 167 > 7
45 46 > 56
45 47 > 8
45 88 > 25
45 89 > 56
45 102 > 23
45 103 > 56
45 126 > 5
45 127 > 20
45 158 > 56
45 159 > 8
45 160 > 84
45 162 > 84
45 163 > 59
45 164 > 3
45 165 > 56
45 166 > 3
45 167 > 56
45 182 > 4
46 47 = 238
46 48 > 7
46 49 > 56
46 50 > 7
46 51 > 56
46 70 > 56
46 71 > 8
46 72 > 56
46 73 > 2
46 88 > 56
46 89 > 8
46 102 > 56
46 103 > 26
46 159 > 84
46 160 > 12
46 161 > 56
46 162 > 12
46 163 > 56
46 164 > 12
46 165 > 56
46 166 > 12
46 167 > 56
47 48 > 56
47 49 > 5
47 50 > 56
47 51 > 5
47 70 > 4
47 71 > 56
47 72 > 4
47 73 > 56
47 88 > 6
47 89 > 56
47 102 > 21
47 103 > 56
47 126 > 5
47 158 > 84
47 160 > 56
47 161 > 8
47 162 > 56
47 163 > 8
47 164 > 56
47 165 > 11
47 166 > 56
47 167 > 11
48 49 = 238
48 51 > 84
48 70 > 56
48 72 > 56
48 158 > 7
48 159 > 56
48 164 > 8
48 165 > 56
48 166 > 8
48 167 > 56
49 50 > 84
49 71 > 56
49 73 > 56
49 158 > 56
49 159 > 5
49 164 > 56
49 165 > 8
49 166 > 56
49 167 > 8
50 51 = 238
50 70 > 56
50 71 > 9
50 72 > 56
50 73 > 2
50 158 > 7
50 159 > 56
50 164 > 8
50 165 > 56
50 166 > 8
50 167 > 56
51 70 > 3
51 71 > 56
51 72 > 3
51 73 > 56
51 103 > 4
51 158 > 56
51 159 > 5
51 164 > 56
51 165 > 8
51 166 > 56
51 167 > 8
52 53 = 238
52 54 > 3
52 55 > 56
52 185 > 4
53 54 > 56
53 55 > 3
53 178 > 8
53 179 > 6
54 55 = 238
54 138 > 40
54 139 > 6
55 138 > 6
55 139 > 41
56 57 = 238
56 58 > 59
56 59 > 84
56 84 > 56
56 85 > 4
56 133 > 3
57 58 > 84
57 59 > 59
57 84 > 3
57 85 > 56
58 59 = 238
58 84 > 56
58 85 > 4
58 133 > 3
59 84 > 2
59 85 > 56
60 61 = 238
60 62 > 59
60 63 > 84
60 90 > 5
60 91 > 56
60 113 > 5
60 118 > 5
60 119 > 56
60 140 > 5
60 154 > 56
60 155 > 9
60 178 > 31
60 179 > 56
61 63 > 59
61 90 > 56
61 91 > 6
61 118 > 56
61 119 > 7
61 154 > 8
61 155 > 56
61 178 > 56
61 179 > 20
62 63 = 238
62 90 > 5
62 91 > 56
62 113 > 5
62 118 > 5
62 119 > 56
62 140 > 5
62 154 > 56
62 155 > 9
62 178 > 31
62 179 > 56
63 90 > 56
63 91 > 6
63 118 > 56
63 119 > 7
63 154 > 8
63 155 > 56
63 178 > 56
63 179 > 19
64 65 = 238
64 66 > 59
64 67 > 84
64 168 > 6
64 169 > 56
64 174 > 56
64 175 > 7
65 66 > 84
65 67 > 59
65 168 > 56
65 169 > 5
65 174 > 5
65 175 > 56
66 67 = 238
66 168 > 6
66 169 > 54
66 174 > 56
66 175 > 7
67 168 > 54
67 169 > 5
67 174 > 5
67 175 > 56
68 69 = 238
68 76 > 56
68 77 > 2
68 110 > 6
68 111 > 56
68 142 > 7
68 143 > 56
69 76 > 2
69 77 > 56
69 97 > 4
69 110 > 56
69 111 > 5
69 120 > 3
69 142 > 56
69 143 > 7
69 144 > 7
70 71 = 238
70 73 > 84
70 158 > 56
70 159 > 4
70 164 > 56
70 165 > 7
70 166 > 56
70 167 > 7
71 72 > 84
71 158 > 8
71 159 > 56
71 164 > 9
71 165 > 56
71 166 > 9
71 167 > 56
72 73 = 238
72 158 > 56
72 159 > 4
72 164 > 56
72 165 > 7
72 166 > 56
72 167 > 7
73 158 > 2
73 159 > 56
73 164 > 2
73 165 > 56
73 166 > 2
73 167 > 56
74 75 = 238
74 84 > 56
74 85 > 2
74 94 > 20
74 95 > 56
74 98 > 2
74 110 > 2
74 111 > 56
74 135 > 56
74 196 > 56
74 197 > 2
75 84 > 2
75 85 > 56
75 94 > 56
75 95 > 7
75 99 > 2
75 110 > 56
75 111 > 2
75 134 > 56
75 196 > 2
75 197 > 56
76 77 = 238
76 110 > 56
76 111 > 2
76 142 > 56
76 143 > 2
77 110 > 2
77 111 > 56
77 142 > 2
77 143 > 56
78 79 = 238
78 80 > 2
78 81 > 56
78 82 > 2
78 83 > 56
79 80 > 56
79 81 > 2
79 82 > 56
79 83 > 2
80 81 = 238
80 82 > 2
80 83 > 56
81 82 > 56
81 83 > 2
82 83 = 238
84 85 = 238
86 87 = 238
86 116 > 56
86 117 > 2
87 116 > 2
87 117 > 56
88 89 = 238
88 102 > 2
88 103 > 56
88 126 > 56
88 127 > 2
88 158 > 56
88 159 > 6
88 160 > 56
88 161 > 25
88 162 > 56
88 163 > 25
88 182 > 20
88 183 > 56
89 102 > 56
89 103 > 2
89 126 > 2
89 127 > 56
89 158 > 8
89 159 > 56
89 160 > 25
89 161 > 56
89 162 > 25
89 163 > 56
89 182 > 56
89 183 > 2
90 91 = 238
90 112 > 2
90 113 > 56
90 116 > 2
90 117 > 56
90 118 > 2
90 119 > 56
90 128 > 2
90 129 > 56
90 154 > 84
90 155 > 54
90 178 > 23
90 179 > 56
90 180 > 2
90 181 > 42
91 112 > 56
91 113 > 2
91 116 > 56
91 117 > 2
91 118 > 56
91 119 > 2
91 128 > 56
91 129 > 2
91 154 > 54
91 155 > 84
91 178 > 56
91 179 > 14
91 181 > 2
92 93 = 238
92 96 > 2
92 97 > 56
92 120 > 56
92 121 > 2
92 122 > 56
92 123 > 2
92 144 > 56
92 145 > 2
93 96 > 56
93 97 > 2
93 120 > 2
93 121 > 56
93 122 > 2
93 123 > 56
93 144 > 2
93 145 > 56
94 95 = 238
94 98 > 2
94 99 > 56
94 110 > 2
94 111 > 56
94 124 > 2
94 125 > 56
94 134 > 2
94 135 > 56
94 196 > 56
94 197 > 2
95 98 > 42
95 99 > 2
95 110 > 56
95 111 > 2
95 124 > 56
95 125 > 2
95 134 > 56
95 135 > 2
95 196 > 2
95 197 > 56
96 97 = 238
96 104 > 42
96 105 > 2
96 106 > 6
96 107 > 42
96 120 > 56
96 121 > 2
96 144 > 56
96 145 > 40
96 170 > 2
96 171 > 56
96 178 > 8
96 179 > 10
97 104 > 2
97 105 > 56
97 106 > 56
97 107 > 2
97 120 > 2
97 121 > 56
97 144 > 23
97 145 > 56
97 146 > 1
97 170 > 56
97 171 > 2
98 99 = 238
98 110 > 2
98 111 > 42
98 134 > 2
98 196 > 42
98 197 > 9
99 110 > 56
99 111 > 2
99 135 > 2
99 196 > 11
100 101 = 238
100 134 > 2
100 135 > 56
100 136 > 56
100 137 > 2
100 195 > 7
101 134 > 42
101 135 > 2
101 136 > 2
101 137 > 42
102 103 = 238
102 126 > 2
102 127 > 56
102 158 > 56
102 159 > 21
102 160 > 56
102 161 > 23
102 162 > 56
102 163 > 23
103 126 > 56
103 127 > 2
103 158 > 26
103 159 > 56
103 160 > 25
103 161 > 56
103 162 > 25
103 163 > 56
104 105 = 238
104 106 > 42
104 107 > 2
104 170 > 42
104 171 > 2
105 106 > 2
105 107 > 42
105 170 > 2
105 178 > 7
105 179 > 8
106 107 = 238
106 170 > 10
106 171 > 56
106 178 > 10
107 170 > 42
107 171 > 9
108 109 = 238
108 114 > 42
108 115 > 8
108 132 > 42
108 133 > 6
109 114 > 7
109 115 > 56
109 132 > 7
110 111 = 238
110 134 > 2
110 135 > 56
110 142 > 2
110 143 > 56
110 178 > 7
110 196 > 56
110 197 > 2
111 134 > 56
111 135 > 2
111 142 > 56
111 143 > 2
111 196 > 2
111 197 > 56
112 113 = 238
112 116 > 2
112 117 > 56
112 128 > 2
112 129 > 56
112 140 > 56
112 141 > 2
112 154 > 56
112 155 > 9
112 178 > 10
112 180 > 2
112 181 > 42
113 116 > 56
113 117 > 2
113 128 > 56
113 129 > 2
113 140 > 2
113 141 > 56
113 154 > 9
113 155 > 56
113 178 > 13
113 179 > 12
113 180 > 56
113 181 > 2
114 115 = 238
114 120 > 2
114 121 > 56
114 132 > 2
114 133 > 56
115 120 > 56
115 121 > 2
115 132 > 56
115 133 > 2
116 117 = 238
116 128 > 2
116 129 > 56
116 154 > 56
116 155 > 9
116 178 > 10
116 179 > 11
116 180 > 2
116 181 > 42
117 128 > 56
117 129 > 2
117 154 > 9
117 155 > 56
117 179 > 10
117 180 > 56
117 181 > 2
118 119 = 238
118 154 > 56
118 155 > 11
118 170 > 56
118 171 > 2
118 178 > 27
118 179 > 56
119 154 > 10
119 155 > 56
119 170 > 2
119 171 > 56
119 178 > 56
119 179 > 17
120 121 = 238
120 144 > 2
120 145 > 56
121 144 > 56
121 145 > 2
122 123 = 238
124 125 = 238
126 127 = 238
126 159 > 5
126 160 > 10
126 161 > 5
126 162 > 10
126 163 > 5
126 182 > 56
126 183 > 2
127 161 > 20
127 163 > 20
127 182 > 2
127 183 > 56
128 129 = 238
128 154 > 56
128 155 > 2
128 172 > 56
128 173 > 2
128 176 > 2
128 177 > 56
128 179 > 8
128 180 > 28
128 181 > 42
129 154 > 2
129 155 > 56
129 172 > 2
129 173 > 56
129 176 > 42
129 177 > 2
129 178 > 8
129 179 > 10
129 180 > 56
129 181 > 25
130 131 = 238
130 132 > 2
130 133 > 56
130 156 > 8
131 132 > 56
131 133 > 2
131 156 > 12
132 133 = 238
133 156 > 7
134 135 = 238
134 136 > 56
134 137 > 2
134 196 > 56
134 197 > 2
135 136 > 2
135 137 > 56
135 196 > 23
135 197 > 56
136 137 = 238
138 139 = 238
138 140 > 2
138 141 > 56
138 179 > 10
139 140 > 56
139 141 > 2
139 179 > 9
140 141 = 238
140 178 > 13
140 179 > 12
141 178 > 14
142 143 = 238
142 144 > 2
142 145 > 56
142 178 > 8
143 144 > 56
143 145 > 2
143 178 > 7
144 145 = 238
145 178 > 7
146 147 = 238
146 150 > 2
146 151 > 3
147 150 > 2
147 151 > 28
148 149 = 238
150 151 = 238
152 153 = 238
152 168 > 2
152 172 > 56
152 173 > 5
153 168 > 28
153 169 > 2
153 172 > 10
153 173 > 28
154 155 = 238
154 178 > 56
154 179 > 12
154 181 > 7
155 178 > 20
155 179 > 56
155 180 > 8
156 157 = 238
158 159 = 238
158 160 > 12
158 161 > 56
158 162 > 12
158 163 > 56
158 164 > 12
158 165 > 56
158 166 > 12
158 167 > 56
159 160 > 56
159 161 > 8
159 162 > 56
159 163 > 8
159 164 > 56
159 165 > 11
159 166 > 56
159 167 > 11
160 161 = 238
160 162 > 59
160 163 > 84
160 164 > 56
160 165 > 7
160 166 > 56
160 167 > 7
161 162 > 84
161 163 > 59
161 164 > 3
161 165 > 56
161 166 > 3
161 167 > 56
161 182 > 4
162 163 = 238
162 164 > 56
162 165 > 7
162 166 > 56
162 167 > 7
163 164 > 3
163 165 > 56
163 166 > 3
163 167 > 56
163 182 > 4
164 165 = 238
164 166 > 59
164 167 > 84
164 183 > 9
165 166 > 84
165 167 > 59
166 167 = 238
166 183 > 9
168 169 = 238
168 172 > 56
168 173 > 2
168 174 > 56
168 175 > 2
169 172 > 2
169 173 > 56
169 174 > 2
169 175 > 56
170 171 = 238
170 178 > 10
171 178 > 10
171 179 > 10
172 173 = 238
172 176 > 42
172 177 > 13
172 178 > 8
172 179 > 9
173 176 > 13
173 177 > 56
174 175 = 238
176 177 = 238
176 178 > 7
178 179 = 238
178 180 > 9
178 181 > 9
178 185 > 10
178 186 > 10
178 187 > 8
178 188 > 8
178 189 > 7
178 190 > 7
178 194 > 8
178 195 > 8
178 197 > 8
179 180 > 10
179 183 > 7
179 184 > 9
179 185 > 8
179 187 > 7
179 188 > 7
179 193 > 8
179 194 > 7
179 195 > 9
179 197 > 9
180 181 = 238
182 183 = 238
182 184 > 56
182 185 > 2
183 184 > 2
183 185 > 56
184 185 = 238
184 186 > 56
184 187 > 2
185 186 > 2
185 187 > 56
186 187 = 238
186 188 > 56
186 189 > 2
187 188 > 2
187 189 > 56
188 189 = 238
188 190 > 56
188 191 > 2
189 190 > 2
189 191 > 56
190 191 = 238
190 192 > 56
190 193 > 2
191 192 > 2
191 193 > 56
192 193 = 238
192 194 > 56
192 195 > 2
193 194 > 2
193 195 > 56
194 195 = 238
194 196 > 2
194 197 > 56
195 196 > 56
195 197 > 2
196 197 = 238
198 199 = 238
