2760
0 1 = 238
0 3 > 84
0 127 > 56
0 129 > 56
0 216 > 9
0 217 > 56
0 252 > 11
0 253 > 56
0 302 > 56
0 303 > 7
0 342 > 20
0 343 > 56
1 2 > 84
1 126 > 56
1 128 > 56
1 216 > 56
1 217 > 9
1 252 > 56
1 253 > 11
1 302 > 8
1 303 > 56
1 342 > 56
1 343 > 12
2 3 = 238
2 127 > 56
2 129 > 56
2 216 > 9
2 217 > 56
2 252 > 11
2 253 > 56
2 302 > 56
2 303 > 7
2 342 > 20
2 343 > 56
3 126 > 56
3 128 > 56
3 216 > 56
3 217 > 9
3 252 > 56
3 253 > 11
3 302 > 8
3 303 > 56
3 342 > 56
3 343 > 12
4 5 = 238
4 8 > 2
4 9 > 56
4 196 > 2
4 197 > 56
4 198 > 2
4 199 > 56
4 384 > 56
4 385 > 2
5 8 > 42
5 9 > 2
5 196 > 56
5 197 > 2
5 198 > 56
5 199 > 2
5 384 > 2
5 385 > 56
6 7 = 238
6 8 > 2
6 9 > 42
6 10 > 2
6 11 > 42
6 26 > 2
6 27 > 42
6 384 > 2
6 385 > 42
7 8 > 42
7 9 > 2
7 10 > 42
7 11 > 2
7 26 > 42
7 27 > 2
7 384 > 56
7 385 > 2
8 9 = 238
8 10 > 2
8 11 > 42
8 384 > 42
8 385 > 2
8 392 > 56
8 393 > 2
8 394 > 42
8 395 > 2
9 10 > 42
9 11 > 2
9 384 > 2
9 385 > 56
9 392 > 2
9 393 > 42
9 394 > 2
9 395 > 56
10 11 = 238
10 16 > 10
10 17 > 5
10 392 > 56
10 393 > 2
11 392 > 2
11 393 > 42
12 13 = 238
12 14 > 59
12 15 > 84
12 294 > 56
12 295 > 2
12 380 > 56
12 381 > 24
12 390 > 2
12 391 > 56
13 14 > 84
13 15 > 59
13 294 > 2
13 295 > 42
13 380 > 19
13 381 > 56
13 390 > 56
13 391 > 2
14 15 = 238
14 294 > 56
14 295 > 2
14 380 > 56
14 381 > 24
14 390 > 2
14 391 > 56
15 294 > 2
15 295 > 42
15 380 > 19
15 381 > 56
15 390 > 56
15 391 > 2
16 17 = 238
16 18 > 11
16 19 > 56
17 18 > 56
17 19 > 4
17 357 > 3
17 391 > 3
18 19 = 238
18 102 > 8
19 103 > 3
20 21 = 238
20 22 > 59
20 23 > 84
20 262 > 56
20 263 > 4
20 332 > 6
20 333 > 56
20 340 > 42
20 341 > 3
21 22 > 84
21 23 > 59
21 262 > 6
21 263 > 56
21 332 > 56
21 333 > 9
21 340 > 6
21 341 > 56
21 352 > 4
22 23 = 238
22 262 > 56
22 263 > 4
22 332 > 6
22 333 > 56
22 340 > 42
22 341 > 3
23 262 > 6
23 263 > 56
23 332 > 56
23 333 > 9
23 340 > 6
23 341 > 56
23 352 > 4
24 25 = 238
24 26 > 2
24 27 > 42
24 200 > 2
24 201 > 42
24 294 > 2
24 295 > 42
25 26 > 42
25 27 > 2
25 200 > 42
25 201 > 2
25 294 > 42
25 295 > 2
26 27 = 238
26 384 > 2
26 385 > 42
27 384 > 56
27 385 > 2
28 29 = 238
28 30 > 16
28 31 > 56
28 40 > 9
28 48 > 4
28 49 > 7
28 52 > 10
28 53 > 24
28 68 > 18
28 69 > 8
28 178 > 20
28 179 > 56
28 180 > 8
28 184 > 9
28 187 > 18
28 222 > 29
28 223 > 56
28 268 > 56
28 269 > 9
28 304 > 9
28 305 > 56
28 326 > 6
28 374 > 20
28 375 > 56
28 376 > 9
28 377 > 7
28 378 > 2
28 379 > 42
28 398 > 9
28 399 > 9
29 30 > 56
29 31 > 13
29 33 > 8
29 41 > 4
29 48 > 6
29 49 > 4
29 50 > 4
29 51 > 3
29 52 > 22
29 53 > 13
29 69 > 12
29 178 > 56
29 179 > 20
29 185 > 10
29 186 > 18
29 222 > 56
29 223 > 29
29 268 > 8
29 269 > 56
29 304 > 56
29 305 > 9
29 374 > 56
29 375 > 20
29 376 > 9
29 377 > 7
29 378 > 56
29 379 > 6
29 398 > 11
29 399 > 7
30 31 = 238
30 40 > 7
30 41 > 6
30 42 > 11
30 43 > 11
30 48 > 3
30 49 > 3
30 52 > 9
30 53 > 16
30 60 > 9
30 62 > 9
30 68 > 10
30 69 > 8
30 178 > 15
30 179 > 56
30 187 > 12
30 222 > 33
30 268 > 56
30 269 > 14
30 304 > 10
30 305 > 56
30 374 > 15
30 375 > 56
30 377 > 8
30 378 > 11
30 379 > 42
31 40 > 6
31 41 > 8
31 42 > 7
31 43 > 8
31 52 > 12
31 53 > 9
31 68 > 9
31 69 > 12
31 178 > 56
31 179 > 24
31 185 > 9
31 186 > 12
31 222 > 56
31 223 > 35
31 268 > 23
31 269 > 56
31 304 > 56
31 305 > 10
31 344 > 8
31 345 > 9
31 374 > 56
31 375 > 24
31 376 > 8
31 378 > 56
31 379 > 11
31 398 > 7
32 33 = 238
32 34 > 84
32 35 > 59
32 42 > 7
32 49 > 2
32 53 > 7
32 58 > 12
32 59 > 7
32 64 > 12
32 110 > 8
32 112 > 8
32 264 > 10
32 265 > 22
32 267 > 12
32 269 > 8
32 378 > 10
33 34 > 59
33 35 > 84
33 42 > 9
33 52 > 7
33 58 > 10
33 59 > 14
33 64 > 10
33 65 > 18
33 186 > 8
33 264 > 19
33 265 > 10
33 377 > 7
33 398 > 9
34 35 = 238
34 42 > 7
34 59 > 10
34 65 > 11
34 264 > 13
35 43 > 3
35 48 > 2
35 49 > 3
35 53 > 8
35 58 > 10
35 64 > 10
35 265 > 15
35 267 > 9
35 304 > 7
35 376 > 7
35 399 > 7
36 37 = 238
36 38 > 59
36 39 > 84
36 88 > 56
36 89 > 3
36 90 > 56
36 91 > 3
36 92 > 12
36 93 > 56
36 94 > 8
36 95 > 56
36 96 > 8
36 97 > 56
36 138 > 56
36 139 > 9
36 140 > 56
36 141 > 2
36 308 > 12
36 309 > 56
36 312 > 56
36 313 > 3
36 314 > 56
36 315 > 3
36 316 > 59
36 317 > 84
36 318 > 59
36 319 > 84
36 355 > 9
37 38 > 84
37 39 > 59
37 88 > 7
37 89 > 56
37 90 > 7
37 91 > 56
37 92 > 56
37 93 > 11
37 94 > 56
37 95 > 8
37 96 > 56
37 97 > 8
37 138 > 7
37 139 > 56
37 140 > 7
37 141 > 56
37 308 > 56
37 309 > 11
37 312 > 7
37 313 > 56
37 314 > 7
37 315 > 56
37 316 > 84
37 317 > 59
37 318 > 84
37 319 > 59
38 39 = 238
38 88 > 56
38 89 > 3
38 90 > 56
38 91 > 3
38 92 > 12
38 93 > 56
38 94 > 8
38 95 > 56
38 96 > 8
38 97 > 56
38 138 > 56
38 139 > 9
38 140 > 56
38 141 > 2
38 308 > 12
38 309 > 56
38 312 > 56
38 313 > 3
38 314 > 56
38 315 > 3
38 317 > 84
38 319 > 84
38 355 > 9
39 88 > 7
39 89 > 56
39 90 > 7
39 91 > 56
39 92 > 56
39 93 > 11
39 94 > 56
39 95 > 8
39 96 > 56
39 97 > 8
39 138 > 7
39 139 > 56
39 140 > 7
39 141 > 56
39 308 > 56
39 309 > 11
39 312 > 7
39 313 > 56
39 314 > 7
39 315 > 56
39 316 > 84
39 318 > 84
40 41 = 238
40 42 > 56
40 43 > 4
40 48 > 6
40 49 > 7
40 50 > 2
40 52 > 11
40 53 > 21
40 60 > 56
40 61 > 8
40 62 > 56
40 63 > 8
40 68 > 7
40 69 > 3
40 108 > 3
40 109 > 56
40 111 > 2
40 113 > 2
40 178 > 22
40 184 > 8
40 187 > 25
40 222 > 24
40 268 > 18
40 269 > 23
40 288 > 5
40 289 > 56
40 290 > 6
40 291 > 56
40 304 > 8
40 310 > 3
40 311 > 56
40 374 > 22
40 376 > 12
40 377 > 8
40 398 > 9
40 399 > 12
41 42 > 4
41 43 > 56
41 48 > 6
41 49 > 4
41 50 > 2
41 52 > 11
41 53 > 11
41 60 > 6
41 61 > 56
41 62 > 6
41 63 > 56
41 68 > 6
41 69 > 20
41 108 > 56
41 109 > 3
41 110 > 3
41 112 > 3
41 178 > 4
41 179 > 5
41 185 > 4
41 186 > 6
41 268 > 5
41 269 > 4
41 288 > 56
41 289 > 5
41 290 > 56
41 291 > 5
41 305 > 7
41 310 > 56
41 311 > 3
41 345 > 5
41 374 > 4
41 375 > 5
41 376 > 11
41 377 > 3
41 379 > 3
41 398 > 10
41 399 > 7
42 43 = 238
42 48 > 2
42 49 > 2
42 52 > 6
42 53 > 9
42 59 > 8
42 60 > 5
42 61 > 56
42 62 > 5
42 63 > 56
42 68 > 5
42 69 > 5
42 122 > 56
42 123 > 5
42 124 > 56
42 125 > 5
42 178 > 7
42 222 > 21
42 228 > 56
42 229 > 5
42 268 > 4
42 269 > 7
42 288 > 5
42 289 > 56
42 290 > 4
42 291 > 56
42 304 > 56
42 305 > 12
42 345 > 4
42 374 > 7
42 378 > 5
43 49 > 3
43 50 > 1
43 52 > 10
43 53 > 8
43 58 > 4
43 60 > 56
43 61 > 3
43 62 > 56
43 63 > 3
43 64 > 4
43 65 > 3
43 68 > 3
43 69 > 3
43 122 > 5
43 123 > 56
43 124 > 5
43 125 > 56
43 179 > 23
43 223 > 4
43 228 > 4
43 229 > 56
43 264 > 5
43 268 > 25
43 288 > 56
43 289 > 5
43 290 > 56
43 291 > 5
43 304 > 13
43 305 > 56
43 344 > 4
43 375 > 23
43 379 > 6
44 45 = 238
44 46 > 59
44 47 > 84
44 136 > 7
44 137 > 56
44 138 > 7
44 139 > 56
44 140 > 2
44 141 > 56
44 142 > 56
44 143 > 2
44 144 > 56
44 145 > 2
44 320 > 56
44 321 > 7
44 322 > 56
44 323 > 7
45 46 > 84
45 47 > 59
45 136 > 56
45 137 > 5
45 138 > 56
45 139 > 7
45 140 > 56
45 141 > 3
45 142 > 3
45 143 > 56
45 144 > 3
45 145 > 56
45 320 > 8
45 321 > 56
45 322 > 8
45 323 > 56
46 47 = 238
46 136 > 7
46 137 > 56
46 138 > 7
46 139 > 56
46 140 > 2
46 141 > 56
46 142 > 56
46 143 > 2
46 144 > 56
46 145 > 2
46 320 > 56
46 321 > 7
46 322 > 56
46 323 > 7
47 136 > 56
47 137 > 5
47 138 > 56
47 139 > 7
47 140 > 56
47 141 > 3
47 142 > 3
47 143 > 56
47 144 > 3
47 145 > 56
47 320 > 8
47 321 > 56
47 322 > 8
47 323 > 56
48 49 = 238
48 52 > 60
48 53 > 9
48 60 > 2
48 62 > 2
48 68 > 5
48 184 > 42
48 185 > 5
48 186 > 6
48 187 > 56
48 222 > 2
48 264 > 3
48 265 > 5
48 334 > 4
48 337 > 3
48 344 > 4
48 376 > 56
48 377 > 8
48 398 > 12
48 399 > 56
49 52 > 6
49 53 > 56
49 59 > 3
49 60 > 6
49 61 > 2
49 62 > 6
49 63 > 2
49 65 > 4
49 68 > 7
49 69 > 3
49 110 > 1
49 111 > 4
49 112 > 1
49 113 > 4
49 178 > 3
49 179 > 4
49 180 > 3
49 184 > 4
49 185 > 60
49 186 > 60
49 187 > 5
49 264 > 6
49 265 > 5
49 268 > 4
49 297 > 2
49 344 > 5
49 374 > 3
49 375 > 4
49 376 > 9
49 377 > 60
49 379 > 3
49 398 > 60
49 399 > 11
50 51 = 238
50 52 > 13
50 53 > 60
50 59 > 3
50 60 > 4
50 62 > 4
50 65 > 4
50 68 > 5
50 111 > 4
50 113 > 4
50 122 > 4
50 123 > 4
50 124 > 4
50 125 > 4
50 164 > 60
50 165 > 3
50 170 > 60
50 171 > 23
50 179 > 3
50 180 > 60
50 181 > 7
50 185 > 3
50 186 > 5
50 192 > 3
50 193 > 60
50 268 > 2
50 296 > 4
50 326 > 60
50 327 > 8
50 348 > 3
50 349 > 2
50 375 > 3
51 52 > 56
51 53 > 7
51 122 > 6
51 123 > 5
51 124 > 6
51 125 > 5
51 164 > 5
51 165 > 56
51 169 > 3
51 170 > 9
51 171 > 56
51 180 > 6
51 181 > 56
51 185 > 1
51 186 > 3
51 192 > 56
51 193 > 6
51 326 > 8
51 327 > 42
51 372 > 3
51 373 > 2
52 53 = 238
52 60 > 7
52 61 > 10
52 62 > 7
52 63 > 10
52 65 > 9
52 68 > 9
52 69 > 13
52 109 > 8
52 111 > 8
52 113 > 8
52 122 > 9
52 123 > 12
52 124 > 9
52 125 > 12
52 164 > 56
52 165 > 10
52 170 > 56
52 171 > 14
52 178 > 12
52 179 > 13
52 180 > 56
52 181 > 28
52 184 > 8
52 185 > 18
52 186 > 22
52 187 > 10
52 192 > 9
52 193 > 56
52 222 > 9
52 223 > 25
52 264 > 10
52 268 > 10
52 269 > 9
52 289 > 11
52 291 > 11
52 296 > 8
52 304 > 11
52 305 > 7
52 311 > 8
52 327 > 12
52 374 > 12
52 375 > 13
52 377 > 9
52 378 > 9
52 379 > 7
52 398 > 10
52 399 > 9
53 60 > 10
53 61 > 6
53 62 > 10
53 63 > 6
53 65 > 7
53 68 > 14
53 69 > 12
53 122 > 3
53 124 > 3
53 164 > 7
53 165 > 56
53 170 > 18
53 171 > 56
53 178 > 13
53 179 > 7
53 180 > 32
53 181 > 56
53 184 > 12
53 185 > 7
53 186 > 8
53 187 > 25
53 192 > 56
53 193 > 9
53 222 > 14
53 264 > 9
53 265 > 13
53 269 > 12
53 304 > 9
53 305 > 8
53 326 > 10
53 344 > 12
53 372 > 9
53 374 > 13
53 375 > 7
53 376 > 7
53 377 > 7
53 378 > 10
53 398 > 11
53 399 > 8
54 55 = 238
54 56 > 59
54 57 > 84
54 168 > 11
54 169 > 56
54 192 > 2
54 193 > 56
54 296 > 8
54 297 > 56
55 56 > 84
55 57 > 59
55 114 > 7
55 116 > 7
55 168 > 56
55 169 > 11
55 192 > 56
55 193 > 8
55 296 > 42
55 297 > 9
56 57 = 238
56 168 > 11
56 169 > 56
56 192 > 2
56 193 > 56
56 296 > 8
56 297 > 56
57 116 > 7
57 168 > 56
57 169 > 11
57 192 > 56
57 193 > 8
57 296 > 42
57 297 > 9
58 59 = 238
58 60 > 56
58 61 > 12
58 62 > 56
58 63 > 12
58 65 > 84
58 110 > 11
58 111 > 56
58 112 > 11
58 113 > 56
58 265 > 12
58 267 > 8
58 297 > 7
58 304 > 7
59 60 > 7
59 61 > 56
59 62 > 7
59 63 > 56
59 64 > 84
59 110 > 56
59 111 > 8
59 112 > 56
59 113 > 8
59 264 > 11
59 265 > 8
59 304 > 8
60 61 = 238
60 62 > 59
60 63 > 84
60 64 > 56
60 65 > 9
60 68 > 9
60 110 > 56
60 111 > 7
60 112 > 56
60 113 > 7
60 304 > 11
60 376 > 8
60 399 > 7
61 62 > 84
61 63 > 59
61 64 > 12
61 65 > 56
61 69 > 22
61 110 > 6
61 111 > 56
61 112 > 6
61 113 > 56
61 269 > 20
61 304 > 7
62 63 = 238
62 64 > 56
62 65 > 9
62 68 > 9
62 110 > 56
62 111 > 7
62 112 > 56
62 113 > 7
62 304 > 11
62 376 > 8
62 399 > 7
63 64 > 12
63 65 > 56
63 69 > 22
63 110 > 6
63 111 > 56
63 112 > 6
63 113 > 56
63 269 > 20
63 304 > 7
64 65 = 238
64 110 > 8
64 111 > 56
64 112 > 7
64 113 > 56
64 265 > 10
64 304 > 7
64 305 > 6
65 110 > 56
65 111 > 4
65 112 > 56
65 113 > 3
65 264 > 9
65 304 > 10
66 67 = 238
66 78 > 7
66 79 > 11
66 130 > 12
66 131 > 56
66 132 > 12
66 133 > 56
66 150 > 14
66 151 > 12
66 154 > 12
66 158 > 20
66 161 > 11
66 162 > 12
66 208 > 8
66 209 > 8
66 338 > 9
67 78 > 6
67 79 > 8
67 130 > 56
67 131 > 13
67 132 > 56
67 133 > 13
67 150 > 13
67 151 > 16
67 154 > 10
67 155 > 9
67 158 > 12
67 159 > 13
67 161 > 9
67 162 > 9
67 163 > 10
67 208 > 19
67 209 > 9
67 210 > 11
67 339 > 7
68 69 = 238
68 108 > 4
68 170 > 56
68 171 > 2
68 184 > 9
68 222 > 21
68 296 > 2
68 297 > 42
68 304 > 9
68 305 > 8
68 310 > 4
68 344 > 25
68 348 > 10
68 349 > 5
68 376 > 12
68 398 > 8
68 399 > 10
69 170 > 2
69 171 > 56
69 223 > 23
69 296 > 56
69 297 > 2
69 304 > 7
69 345 > 20
70 71 = 238
70 72 > 2
70 73 > 56
70 146 > 56
70 147 > 2
70 220 > 56
70 231 > 2
70 244 > 56
70 245 > 2
70 270 > 56
70 271 > 2
70 368 > 23
70 369 > 56
71 72 > 56
71 73 > 2
71 146 > 2
71 147 > 56
71 221 > 56
71 230 > 2
71 244 > 2
71 245 > 56
71 270 > 2
71 271 > 56
71 368 > 56
71 369 > 14
72 73 = 238
72 148 > 2
72 149 > 56
73 148 > 56
73 149 > 2
74 75 = 238
74 99 > 56
74 114 > 4
74 115 > 56
74 116 > 3
74 117 > 56
74 120 > 4
74 121 > 56
74 146 > 2
74 147 > 56
74 202 > 56
75 98 > 56
75 99 > 4
75 114 > 56
75 115 > 2
75 116 > 56
75 117 > 2
75 120 > 56
75 121 > 2
75 146 > 56
75 147 > 2
75 203 > 56
76 77 = 238
76 182 > 7
76 183 > 4
77 182 > 6
77 183 > 7
77 257 > 5
78 79 = 238
78 130 > 5
78 131 > 56
78 132 > 5
78 133 > 56
78 155 > 6
78 161 > 4
78 209 > 5
78 328 > 7
78 329 > 56
78 338 > 56
78 339 > 22
79 130 > 56
79 131 > 5
79 132 > 56
79 133 > 5
79 154 > 20
79 209 > 3
79 328 > 56
79 329 > 6
79 338 > 31
79 339 > 56
80 81 = 238
80 82 > 59
80 83 > 84
80 218 > 56
80 219 > 10
80 256 > 7
80 257 > 56
80 292 > 3
80 293 > 2
81 82 > 84
81 83 > 59
81 218 > 8
81 219 > 56
81 239 > 4
81 256 > 56
81 257 > 6
81 292 > 56
81 293 > 4
82 83 = 238
82 218 > 56
82 219 > 10
82 256 > 7
82 257 > 56
82 292 > 3
82 293 > 2
83 218 > 8
83 219 > 56
83 239 > 3
83 256 > 56
83 257 > 5
83 292 > 56
83 293 > 4
84 85 = 238
84 87 > 84
84 89 > 56
84 90 > 8
84 91 > 56
84 93 > 56
84 104 > 3
84 105 > 56
84 214 > 56
84 215 > 2
84 236 > 56
84 237 > 20
84 261 > 4
84 276 > 12
84 277 > 4
84 309 > 56
84 312 > 8
84 313 > 56
84 315 > 56
84 354 > 5
85 86 > 84
85 88 > 56
85 90 > 56
85 91 > 5
85 92 > 56
85 104 > 56
85 105 > 3
85 214 > 4
85 215 > 56
85 236 > 6
85 237 > 56
85 261 > 4
85 276 > 5
85 277 > 13
85 308 > 56
85 312 > 56
85 313 > 5
85 314 > 56
86 87 = 238
86 89 > 56
86 90 > 8
86 91 > 56
86 93 > 56
86 104 > 4
86 105 > 56
86 214 > 56
86 215 > 2
86 236 > 56
86 237 > 20
86 261 > 4
86 276 > 13
86 277 > 4
86 309 > 56
86 312 > 8
86 313 > 56
86 315 > 56
86 354 > 5
87 88 > 56
87 90 > 56
87 91 > 5
87 92 > 56
87 104 > 56
87 105 > 3
87 214 > 5
87 215 > 56
87 236 > 6
87 237 > 56
87 261 > 4
87 276 > 5
87 277 > 13
87 308 > 56
87 312 > 56
87 313 > 5
87 314 > 56
88 89 = 238
88 91 > 84
88 93 > 56
88 214 > 56
88 215 > 25
88 236 > 56
88 237 > 25
88 260 > 10
88 309 > 56
88 312 > 59
88 313 > 84
88 315 > 84
88 316 > 56
88 317 > 7
88 318 > 56
88 319 > 7
89 90 > 84
89 92 > 56
89 214 > 25
89 215 > 56
89 236 > 23
89 237 > 56
89 260 > 5
89 261 > 20
89 308 > 56
89 312 > 84
89 313 > 59
89 314 > 84
89 316 > 3
89 317 > 56
89 318 > 3
89 319 > 56
89 354 > 4
90 91 = 238
90 92 > 12
90 93 > 56
90 214 > 56
90 215 > 25
90 236 > 56
90 237 > 25
90 260 > 10
90 308 > 12
90 309 > 56
90 312 > 59
90 313 > 84
90 315 > 84
90 316 > 56
90 317 > 7
90 318 > 56
90 319 > 7
91 92 > 56
91 93 > 8
91 214 > 25
91 215 > 56
91 236 > 23
91 237 > 56
91 260 > 5
91 261 > 20
91 308 > 56
91 309 > 8
91 312 > 84
91 313 > 59
91 314 > 84
91 316 > 3
91 317 > 56
91 318 > 3
91 319 > 56
91 354 > 4
92 93 = 238
92 94 > 7
92 95 > 56
92 96 > 7
92 97 > 56
92 138 > 56
92 139 > 8
92 140 > 56
92 141 > 2
92 214 > 56
92 215 > 8
92 236 > 56
92 237 > 26
92 309 > 84
92 312 > 12
92 313 > 56
92 315 > 56
92 316 > 12
92 317 > 56
92 318 > 12
92 319 > 56
93 94 > 56
93 95 > 5
93 96 > 56
93 97 > 5
93 138 > 4
93 139 > 56
93 140 > 4
93 141 > 56
93 214 > 6
93 215 > 56
93 236 > 21
93 237 > 56
93 260 > 5
93 308 > 84
93 312 > 56
93 313 > 8
93 314 > 56
93 316 > 56
93 317 > 11
93 318 > 56
93 319 > 11
94 95 = 238
94 96 > 59
94 97 > 84
94 138 > 56
94 140 > 56
94 308 > 7
94 309 > 56
94 316 > 8
94 317 > 56
94 318 > 8
94 319 > 56
95 96 > 84
95 97 > 59
95 139 > 56
95 141 > 56
95 308 > 56
95 309 > 5
95 316 > 56
95 317 > 8
95 318 > 56
95 319 > 8
96 97 = 238
96 138 > 56
96 139 > 9
96 140 > 56
96 141 > 2
96 308 > 7
96 309 > 56
96 316 > 8
96 317 > 56
96 318 > 8
96 319 > 56
97 138 > 3
97 139 > 56
97 140 > 3
97 141 > 56
97 237 > 4
97 308 > 56
97 309 > 5
97 316 > 56
97 317 > 8
97 318 > 56
97 319 > 8
98 99 = 238
98 114 > 5
98 115 > 56
98 116 > 5
98 117 > 56
98 120 > 9
98 121 > 56
98 202 > 56
98 296 > 3
99 114 > 56
99 115 > 5
99 116 > 56
99 117 > 5
99 120 > 56
99 121 > 9
99 203 > 56
100 101 = 238
100 189 > 3
100 259 > 18
101 188 > 5
101 258 > 4
102 103 = 238
102 104 > 3
102 105 > 56
102 357 > 4
103 104 > 56
103 105 > 3
103 342 > 8
103 343 > 6
104 105 = 238
104 276 > 40
104 277 > 6
105 276 > 6
105 277 > 41
106 107 = 238
106 172 > 4
106 173 > 5
106 212 > 4
106 213 > 3
106 325 > 4
107 173 > 5
107 175 > 4
107 212 > 3
107 213 > 3
108 109 = 238
108 288 > 2
108 289 > 56
108 290 > 4
108 291 > 56
108 310 > 59
108 311 > 84
109 288 > 56
109 289 > 2
109 290 > 56
109 291 > 2
109 310 > 84
109 311 > 59
110 111 = 238
110 112 > 59
110 113 > 84
110 114 > 4
110 115 > 56
110 116 > 4
110 117 > 56
110 265 > 5
110 305 > 4
110 306 > 3
110 307 > 2
110 326 > 3
110 399 > 7
111 112 > 84
111 113 > 59
111 114 > 56
111 115 > 4
111 116 > 56
111 117 > 4
111 304 > 11
111 306 > 56
111 307 > 3
112 113 = 238
112 114 > 4
112 115 > 56
112 116 > 4
112 117 > 56
112 265 > 5
112 305 > 3
112 306 > 3
112 307 > 2
112 326 > 2
112 399 > 7
113 114 > 56
113 115 > 4
113 116 > 56
113 117 > 4
113 304 > 11
113 306 > 56
113 307 > 3
114 115 = 238
114 116 > 59
114 117 > 84
114 120 > 4
114 121 > 56
114 202 > 56
114 203 > 4
114 267 > 3
114 306 > 3
114 307 > 2
115 116 > 84
115 117 > 59
115 120 > 56
115 121 > 4
115 202 > 3
115 203 > 56
115 306 > 56
115 307 > 2
116 117 = 238
116 120 > 4
116 121 > 56
116 202 > 56
116 203 > 4
116 267 > 3
116 306 > 3
116 307 > 2
117 120 > 56
117 121 > 4
117 202 > 2
117 203 > 56
117 306 > 56
117 307 > 2
118 119 = 238
118 120 > 56
118 121 > 3
118 122 > 56
118 123 > 4
118 124 > 56
118 125 > 3
119 120 > 3
119 121 > 56
119 122 > 3
119 123 > 56
119 124 > 3
119 125 > 56
120 121 = 238
120 122 > 4
120 123 > 56
120 124 > 4
120 125 > 56
120 202 > 56
120 203 > 4
120 296 > 4
121 122 > 56
121 123 > 4
121 124 > 56
121 125 > 4
121 202 > 3
121 203 > 56
122 123 = 238
122 125 > 84
122 181 > 3
122 229 > 56
122 288 > 56
122 289 > 3
122 290 > 56
122 291 > 3
122 304 > 10
122 305 > 56
123 124 > 84
123 193 > 4
123 228 > 56
123 288 > 4
123 289 > 56
123 290 > 2
123 291 > 56
123 304 > 56
123 305 > 8
124 125 = 238
124 228 > 4
124 229 > 56
124 288 > 56
124 289 > 2
124 290 > 56
124 291 > 2
124 304 > 10
124 305 > 56
125 193 > 4
125 228 > 56
125 229 > 4
125 288 > 4
125 289 > 56
125 290 > 2
125 291 > 56
125 304 > 56
125 305 > 8
126 127 = 238
126 129 > 84
126 216 > 5
126 217 > 56
126 247 > 5
126 252 > 5
126 253 > 56
126 278 > 5
126 302 > 56
126 303 > 9
126 342 > 31
126 343 > 56
127 128 > 84
127 216 > 56
127 217 > 6
127 252 > 56
127 253 > 7
127 302 > 8
127 303 > 56
127 342 > 56
127 343 > 20
128 129 = 238
128 216 > 5
128 217 > 56
128 247 > 5
128 252 > 5
128 253 > 56
128 278 > 5
128 302 > 56
128 303 > 9
128 342 > 31
128 343 > 56
129 216 > 56
129 217 > 6
129 252 > 56
129 253 > 7
129 302 > 8
129 303 > 56
129 342 > 56
129 343 > 19
130 131 = 238
130 132 > 59
130 133 > 84
130 155 > 5
130 158 > 4
130 161 > 6
130 162 > 4
130 328 > 6
130 329 > 56
130 338 > 56
130 339 > 7
131 132 > 84
131 133 > 59
131 150 > 4
131 151 > 4
131 159 > 4
131 160 > 22
131 328 > 56
131 329 > 5
131 338 > 5
131 339 > 56
132 133 = 238
132 155 > 5
132 158 > 4
132 161 > 6
132 162 > 4
132 328 > 6
132 329 > 54
132 338 > 56
132 339 > 7
133 150 > 4
133 151 > 4
133 159 > 4
133 160 > 22
133 328 > 54
133 329 > 5
133 338 > 5
133 339 > 56
134 135 = 238
134 148 > 56
134 149 > 2
134 244 > 6
134 245 > 56
134 280 > 7
134 281 > 56
135 148 > 2
135 149 > 56
135 225 > 4
135 244 > 56
135 245 > 5
135 254 > 3
135 280 > 56
135 281 > 7
135 282 > 7
136 137 = 238
136 142 > 6
136 143 > 56
136 144 > 6
136 145 > 56
136 320 > 69
136 322 > 84
137 142 > 56
137 143 > 7
137 144 > 56
137 145 > 7
137 321 > 69
137 323 > 84
138 139 = 238
138 141 > 84
138 142 > 56
138 143 > 9
138 144 > 56
138 145 > 9
138 308 > 56
138 309 > 4
138 316 > 56
138 317 > 7
138 318 > 56
138 319 > 7
139 140 > 84
139 142 > 9
139 143 > 56
139 144 > 8
139 145 > 56
139 308 > 8
139 309 > 56
139 316 > 9
139 317 > 56
139 318 > 9
139 319 > 56
140 141 = 238
140 142 > 56
140 143 > 7
140 144 > 56
140 145 > 7
140 308 > 56
140 309 > 4
140 316 > 56
140 317 > 7
140 318 > 56
140 319 > 7
141 142 > 7
141 143 > 56
141 144 > 7
141 145 > 56
141 308 > 2
141 309 > 56
141 316 > 2
141 317 > 56
141 318 > 2
141 319 > 56
142 143 = 238
142 144 > 59
142 145 > 84
142 320 > 56
142 321 > 6
142 322 > 56
142 323 > 7
143 144 > 84
143 145 > 59
143 320 > 7
143 321 > 56
143 322 > 8
143 323 > 56
144 145 = 238
144 320 > 56
144 321 > 6
144 322 > 56
144 323 > 6
145 320 > 7
145 321 > 56
145 322 > 7
145 323 > 56
146 147 = 238
146 202 > 56
146 203 > 2
146 220 > 20
146 221 > 56
146 230 > 2
146 231 > 56
146 244 > 2
146 245 > 56
146 270 > 2
146 271 > 56
146 368 > 56
146 369 > 2
147 202 > 2
147 203 > 56
147 220 > 56
147 221 > 7
147 230 > 42
147 231 > 2
147 244 > 56
147 245 > 2
147 270 > 56
147 271 > 2
147 368 > 2
147 369 > 56
148 149 = 238
148 244 > 56
148 245 > 2
148 280 > 56
148 281 > 2
149 244 > 2
149 245 > 56
149 280 > 2
149 281 > 56
150 151 = 238
150 154 > 56
150 155 > 19
150 158 > 56
150 159 > 2
150 160 > 12
150 161 > 56
150 162 > 56
150 163 > 2
151 154 > 2
151 155 > 56
151 158 > 2
151 159 > 56
151 160 > 56
151 161 > 2
151 162 > 2
151 163 > 56
152 153 = 238
152 156 > 56
152 157 > 2
153 156 > 2
153 157 > 56
154 155 = 238
154 158 > 2
154 159 > 56
154 160 > 56
154 161 > 2
154 162 > 2
154 163 > 56
154 190 > 56
154 191 > 2
155 158 > 56
155 159 > 2
155 160 > 2
155 161 > 56
155 162 > 56
155 163 > 2
155 190 > 2
155 191 > 56
156 157 = 238
156 158 > 56
156 159 > 2
157 158 > 2
157 159 > 56
158 159 = 238
158 160 > 56
158 161 > 20
158 162 > 27
158 163 > 56
159 160 > 21
159 161 > 56
159 162 > 56
159 163 > 23
160 161 = 238
160 162 > 56
160 163 > 23
161 162 > 2
161 163 > 56
162 163 = 238
162 208 > 2
162 209 > 56
162 338 > 2
162 339 > 56
163 208 > 42
163 209 > 19
163 338 > 56
163 339 > 2
164 165 = 238
164 166 > 2
164 167 > 56
164 168 > 2
164 169 > 56
164 170 > 2
164 171 > 56
164 180 > 2
164 181 > 56
164 192 > 56
164 193 > 2
164 326 > 2
164 327 > 42
164 372 > 2
164 373 > 56
165 166 > 42
165 167 > 2
165 168 > 56
165 169 > 2
165 170 > 56
165 171 > 2
165 180 > 56
165 181 > 2
165 192 > 2
165 193 > 56
165 327 > 2
165 372 > 56
165 373 > 2
166 167 = 238
166 168 > 7
166 169 > 42
166 372 > 11
166 373 > 42
167 168 > 56
167 169 > 5
167 373 > 8
168 169 = 238
168 192 > 2
168 193 > 56
168 372 > 2
168 373 > 56
169 192 > 56
169 193 > 2
169 372 > 56
169 373 > 2
170 171 = 238
170 180 > 2
170 181 > 56
170 192 > 56
170 193 > 2
170 296 > 56
170 297 > 2
170 326 > 25
170 327 > 42
171 180 > 56
171 181 > 19
171 192 > 2
171 193 > 56
171 296 > 2
171 297 > 42
171 326 > 56
171 327 > 18
172 173 = 238
172 174 > 2
172 175 > 56
172 212 > 2
172 213 > 56
172 324 > 56
172 325 > 2
173 174 > 56
173 175 > 2
173 212 > 42
173 213 > 2
173 324 > 2
173 325 > 56
174 175 = 238
174 176 > 2
174 177 > 42
174 194 > 2
174 195 > 56
174 212 > 2
174 213 > 56
174 324 > 56
174 325 > 2
174 346 > 2
174 347 > 42
174 350 > 56
174 351 > 2
175 176 > 56
175 177 > 2
175 194 > 56
175 195 > 2
175 212 > 42
175 213 > 2
175 324 > 21
175 325 > 56
175 346 > 56
175 347 > 2
175 350 > 2
175 351 > 56
176 177 = 238
176 194 > 29
176 195 > 56
176 346 > 2
176 347 > 42
176 350 > 56
176 351 > 29
177 194 > 42
177 195 > 32
177 346 > 42
177 347 > 2
177 350 > 32
177 351 > 42
178 179 = 238
178 222 > 31
178 223 > 56
178 268 > 56
178 305 > 56
178 374 > 55
178 375 > 56
178 378 > 23
179 222 > 56
179 223 > 31
179 264 > 20
179 269 > 56
179 304 > 56
179 374 > 56
179 375 > 55
179 379 > 25
180 181 = 238
180 186 > 2
180 187 > 56
180 192 > 56
180 193 > 2
180 326 > 2
180 327 > 42
181 186 > 56
181 187 > 2
181 192 > 2
181 193 > 56
181 326 > 56
181 327 > 5
182 183 = 238
182 190 > 2
182 191 > 56
182 194 > 2
182 195 > 56
182 350 > 56
182 351 > 2
183 190 > 56
183 191 > 2
183 194 > 56
183 195 > 2
183 350 > 2
183 351 > 56
184 185 = 238
184 186 > 42
184 187 > 23
184 344 > 5
184 376 > 8
184 377 > 42
184 398 > 42
184 399 > 4
185 186 > 19
185 187 > 56
185 376 > 56
185 377 > 9
185 398 > 9
186 187 = 238
186 305 > 8
186 376 > 56
186 377 > 9
186 398 > 11
186 399 > 56
187 376 > 8
187 377 > 56
187 398 > 56
187 399 > 18
188 189 = 238
188 258 > 2
188 259 > 42
189 258 > 56
189 259 > 2
190 191 = 238
190 194 > 2
190 195 > 56
190 350 > 56
190 351 > 2
191 194 > 56
191 195 > 2
191 350 > 2
191 351 > 56
192 193 = 238
192 327 > 2
193 326 > 2
194 195 = 238
194 346 > 2
194 347 > 42
194 350 > 56
194 351 > 80
195 346 > 56
195 347 > 2
195 350 > 80
195 351 > 56
196 197 = 238
196 198 > 39
196 199 > 56
197 198 > 56
197 199 > 39
198 199 = 238
200 201 = 238
200 294 > 5
200 295 > 42
201 294 > 42
201 295 > 5
202 203 = 238
204 205 = 238
204 250 > 56
204 251 > 2
205 250 > 2
205 251 > 56
206 207 = 238
206 284 > 2
206 286 > 2
206 287 > 56
207 284 > 42
207 285 > 2
207 286 > 56
207 287 > 2
208 209 = 238
208 210 > 11
208 211 > 42
208 338 > 2
208 339 > 42
209 210 > 42
209 211 > 11
209 338 > 56
209 339 > 2
210 211 = 238
212 213 = 238
212 324 > 42
212 325 > 2
213 324 > 2
214 215 = 238
214 236 > 2
214 237 > 56
214 260 > 56
214 261 > 2
214 308 > 56
214 309 > 6
214 312 > 56
214 313 > 25
214 314 > 56
214 315 > 25
214 354 > 20
214 355 > 56
215 236 > 56
215 237 > 2
215 260 > 2
215 261 > 56
215 308 > 8
215 309 > 56
215 312 > 25
215 313 > 56
215 314 > 25
215 315 > 56
215 354 > 56
215 355 > 2
216 217 = 238
216 246 > 2
216 247 > 56
216 250 > 2
216 251 > 56
216 252 > 2
216 253 > 56
216 262 > 2
216 263 > 56
216 302 > 84
216 303 > 54
216 342 > 23
216 343 > 56
216 352 > 2
216 353 > 42
217 246 > 56
217 247 > 2
217 250 > 56
217 251 > 2
217 252 > 56
217 253 > 2
217 262 > 56
217 263 > 2
217 302 > 54
217 303 > 84
217 342 > 56
217 343 > 14
217 352 > 56
217 353 > 2
218 219 = 238
218 224 > 2
218 225 > 56
218 254 > 56
218 255 > 2
218 256 > 56
218 257 > 2
218 282 > 56
218 283 > 2
219 224 > 56
219 225 > 2
219 254 > 2
219 255 > 56
219 256 > 2
219 257 > 56
219 282 > 2
219 283 > 56
220 221 = 238
220 230 > 2
220 244 > 2
220 245 > 56
220 258 > 2
220 259 > 56
220 270 > 2
220 271 > 56
220 368 > 56
220 369 > 2
221 231 > 2
221 244 > 56
221 245 > 2
221 258 > 56
221 259 > 2
221 270 > 56
221 271 > 2
221 368 > 2
221 369 > 56
222 223 = 238
222 268 > 56
222 269 > 30
222 304 > 18
222 305 > 56
222 344 > 56
222 345 > 28
222 374 > 31
222 375 > 56
222 377 > 8
222 378 > 23
222 379 > 42
223 268 > 24
223 269 > 56
223 304 > 56
223 305 > 21
223 344 > 2
223 345 > 56
223 374 > 56
223 375 > 31
223 378 > 56
223 379 > 25
224 225 = 238
224 238 > 42
224 239 > 2
224 240 > 6
224 241 > 42
224 254 > 56
224 255 > 2
224 282 > 56
224 283 > 40
224 330 > 2
224 331 > 56
224 342 > 8
224 343 > 10
225 238 > 2
225 239 > 56
225 240 > 56
225 241 > 2
225 254 > 2
225 255 > 56
225 282 > 23
225 283 > 56
225 292 > 1
225 330 > 56
225 331 > 2
226 227 = 238
226 334 > 56
226 335 > 2
227 334 > 2
227 335 > 56
228 229 = 238
228 288 > 56
228 289 > 2
228 290 > 56
228 291 > 2
228 304 > 8
228 305 > 56
228 336 > 2
228 337 > 56
229 288 > 2
229 289 > 56
229 290 > 2
229 291 > 56
229 304 > 56
229 305 > 2
229 336 > 56
229 337 > 2
230 231 = 238
230 244 > 2
230 245 > 42
230 270 > 2
230 271 > 42
230 368 > 42
230 369 > 9
231 245 > 2
231 270 > 56
231 271 > 2
231 368 > 11
231 369 > 56
232 233 = 238
232 270 > 2
232 271 > 56
232 274 > 56
232 275 > 2
232 367 > 7
233 270 > 42
233 271 > 2
233 274 > 2
233 275 > 42
234 235 = 238
234 272 > 5
234 273 > 42
234 286 > 42
234 287 > 2
235 273 > 2
235 286 > 2
235 287 > 56
236 237 = 238
236 260 > 2
236 261 > 56
236 308 > 56
236 309 > 21
236 312 > 56
236 313 > 23
236 314 > 56
236 315 > 23
237 260 > 56
237 261 > 2
237 308 > 26
237 309 > 56
237 312 > 25
237 313 > 56
237 314 > 25
237 315 > 56
238 239 = 238
238 240 > 42
238 241 > 2
238 330 > 42
238 331 > 2
239 240 > 2
239 241 > 42
239 330 > 2
239 331 > 56
239 342 > 7
239 343 > 8
240 241 = 238
240 330 > 10
240 342 > 10
241 330 > 42
241 331 > 9
242 243 = 238
242 248 > 42
242 249 > 8
242 266 > 42
242 267 > 6
243 248 > 7
243 249 > 56
243 266 > 7
243 267 > 56
244 245 = 238
244 270 > 2
244 271 > 56
244 280 > 2
244 281 > 56
244 342 > 7
244 368 > 56
244 369 > 2
245 270 > 56
245 271 > 2
245 280 > 56
245 281 > 2
245 368 > 2
245 369 > 56
246 247 = 238
246 250 > 2
246 251 > 56
246 263 > 56
246 278 > 56
246 279 > 2
246 302 > 56
246 303 > 9
246 342 > 10
246 343 > 15
246 352 > 2
246 353 > 42
247 250 > 56
247 251 > 2
247 262 > 56
247 278 > 2
247 279 > 56
247 302 > 9
247 303 > 56
247 342 > 13
247 343 > 12
247 352 > 56
247 353 > 2
248 249 = 238
248 254 > 2
248 255 > 56
248 266 > 2
248 267 > 56
249 254 > 56
249 255 > 2
249 266 > 56
249 267 > 2
250 251 = 238
250 262 > 2
250 263 > 56
250 302 > 56
250 303 > 9
250 342 > 10
250 343 > 11
250 352 > 2
250 353 > 42
251 262 > 56
251 263 > 2
251 302 > 9
251 303 > 56
251 343 > 10
251 352 > 56
251 353 > 2
252 253 = 238
252 302 > 56
252 303 > 11
252 330 > 56
252 331 > 2
252 342 > 27
252 343 > 56
253 302 > 10
253 303 > 56
253 330 > 2
253 331 > 56
253 342 > 56
253 343 > 17
254 255 = 238
254 282 > 2
254 283 > 56
255 282 > 56
255 283 > 2
256 257 = 238
258 259 = 238
260 261 = 238
260 309 > 5
260 312 > 10
260 313 > 5
260 314 > 10
260 315 > 5
260 354 > 56
260 355 > 2
261 315 > 20
261 354 > 2
261 355 > 56
262 263 = 238
262 302 > 56
262 303 > 2
262 332 > 56
262 333 > 2
262 340 > 2
262 341 > 56
262 343 > 8
262 352 > 28
262 353 > 42
263 302 > 2
263 303 > 56
263 332 > 2
263 333 > 56
263 340 > 42
263 341 > 2
263 342 > 8
263 343 > 10
263 352 > 56
263 353 > 25
264 265 = 238
264 266 > 2
264 267 > 56
264 268 > 22
264 269 > 56
264 304 > 8
264 375 > 20
264 376 > 7
264 399 > 10
265 266 > 56
265 267 > 2
265 268 > 56
265 269 > 2
265 304 > 12
265 376 > 9
265 399 > 11
266 267 = 238
267 304 > 7
268 269 = 238
268 304 > 56
268 374 > 56
268 375 > 33
268 379 > 25
269 305 > 56
269 374 > 33
269 375 > 56
269 378 > 23
270 271 = 238
270 274 > 56
270 275 > 2
270 368 > 56
270 369 > 2
271 274 > 2
271 275 > 56
271 368 > 23
271 369 > 56
272 273 = 238
272 274 > 2
272 275 > 56
272 286 > 56
272 287 > 2
273 274 > 56
273 275 > 2
273 286 > 2
273 287 > 56
274 275 = 238
276 277 = 238
276 278 > 2
276 279 > 56
276 343 > 10
277 278 > 56
277 279 > 2
277 343 > 9
278 279 = 238
278 342 > 13
278 343 > 12
279 342 > 14
280 281 = 238
280 282 > 2
280 283 > 56
280 342 > 8
281 282 > 56
281 283 > 2
281 342 > 7
282 283 = 238
283 342 > 7
284 285 = 238
284 286 > 2
284 287 > 42
285 286 > 56
285 287 > 6
286 287 = 238
288 289 = 238
288 290 > 39
288 291 > 56
288 304 > 56
288 305 > 2
288 310 > 2
288 311 > 56
289 290 > 56
289 291 > 39
289 304 > 8
289 305 > 56
289 310 > 56
289 311 > 2
290 291 = 238
290 304 > 56
290 305 > 2
290 310 > 4
290 311 > 56
291 304 > 8
291 305 > 56
291 310 > 56
291 311 > 2
292 293 = 238
292 298 > 2
292 299 > 3
293 298 > 2
293 299 > 28
294 295 = 238
294 380 > 2
294 381 > 56
295 380 > 42
295 381 > 2
296 297 = 238
298 299 = 238
300 301 = 238
300 328 > 2
300 329 > 56
300 332 > 56
300 333 > 5
301 328 > 28
301 329 > 2
301 332 > 10
301 333 > 28
302 303 = 238
302 342 > 56
302 343 > 12
302 352 > 56
302 353 > 7
303 342 > 20
303 343 > 56
303 352 > 8
303 353 > 42
304 305 = 238
304 348 > 8
304 374 > 12
304 375 > 56
304 378 > 8
305 374 > 56
305 375 > 10
305 379 > 9
306 307 = 238
308 309 = 238
308 312 > 12
308 313 > 56
308 315 > 56
308 316 > 12
308 317 > 56
308 318 > 12
308 319 > 56
309 312 > 56
309 313 > 8
309 314 > 56
309 316 > 56
309 317 > 11
309 318 > 56
309 319 > 11
310 311 = 238
312 313 = 238
312 314 > 59
312 315 > 84
312 316 > 56
312 317 > 7
312 318 > 56
312 319 > 7
313 314 > 84
313 315 > 59
313 316 > 3
313 317 > 56
313 318 > 3
313 319 > 56
313 354 > 4
314 315 = 238
314 316 > 56
314 317 > 7
314 318 > 56
314 319 > 7
315 316 > 3
315 317 > 56
315 318 > 3
315 319 > 56
315 354 > 4
316 317 = 238
316 319 > 84
316 355 > 9
317 318 > 84
318 319 = 238
318 355 > 9
320 321 = 238
320 323 > 61
321 322 > 84
322 323 = 238
324 325 = 238
326 327 = 238
326 348 > 2
326 349 > 42
327 348 > 42
327 349 > 2
328 329 = 238
328 332 > 56
328 333 > 2
328 338 > 56
328 339 > 2
329 332 > 2
329 333 > 56
329 338 > 2
329 339 > 56
330 331 = 238
330 342 > 10
331 342 > 10
331 343 > 10
332 333 = 238
332 340 > 42
332 341 > 13
332 342 > 8
332 343 > 9
333 340 > 13
333 341 > 56
334 335 = 238
334 336 > 56
334 337 > 2
335 336 > 2
335 337 > 56
336 337 = 238
338 339 = 238
340 341 = 238
340 342 > 7
342 343 = 238
342 352 > 9
342 353 > 9
342 357 > 10
342 358 > 10
342 359 > 8
342 360 > 8
342 361 > 7
342 362 > 7
342 366 > 8
342 367 > 8
342 369 > 8
343 352 > 10
343 355 > 7
343 356 > 9
343 357 > 8
343 359 > 7
343 360 > 7
343 365 > 8
343 366 > 7
343 367 > 9
343 369 > 9
344 345 = 238
344 376 > 9
344 399 > 7
346 347 = 238
346 350 > 56
346 351 > 2
347 350 > 2
347 351 > 42
348 349 = 238
350 351 = 238
352 353 = 238
354 355 = 238
354 356 > 56
354 357 > 2
355 356 > 2
355 357 > 56
356 357 = 238
356 358 > 56
356 359 > 2
357 358 > 2
357 359 > 56
358 359 = 238
358 360 > 56
358 361 > 2
359 360 > 2
359 361 > 56
360 361 = 238
360 362 > 56
360 363 > 2
361 362 > 2
361 363 > 56
362 363 = 238
362 364 > 56
362 365 > 2
363 364 > 2
363 365 > 56
364 365 = 238
364 366 > 56
364 367 > 2
365 366 > 2
365 367 > 56
366 367 = 238
366 368 > 2
366 369 > 56
367 368 > 56
367 369 > 2
368 369 = 238
370 371 = 238
370 372 > 56
370 373 > 2
371 372 > 2
371 373 > 56
372 373 = 238
374 375 = 238
374 378 > 23
374 379 > 42
375 379 > 25
376 377 = 238
376 398 > 56
376 399 > 11
377 398 > 10
377 399 > 56
378 379 = 238
380 381 = 238
380 382 > 56
380 383 > 2
380 390 > 56
380 391 > 2
381 382 > 2
381 383 > 56
381 390 > 2
381 391 > 56
382 383 = 238
384 385 = 238
384 388 > 56
384 389 > 2
384 392 > 56
384 393 > 2
384 394 > 2
384 395 > 56
385 388 > 2
385 389 > 56
385 392 > 2
385 393 > 56
385 394 > 56
385 395 > 2
386 387 = 238
386 388 > 2
386 389 > 56
386 390 > 2
386 391 > 56
386 396 > 42
386 397 > 2
387 388 > 56
387 389 > 2
387 390 > 56
387 391 > 2
387 396 > 2
388 389 = 238
388 392 > 2
388 393 > 56
389 392 > 56
389 393 > 2
390 391 = 238
390 396 > 42
390 397 > 2
391 396 > 6
391 397 > 56
392 393 = 238
394 395 = 238
396 397 = 238
398 399 = 238
