648
0 1 = 238
0 2 > 59
0 3 > 186
0 62 > 10
0 63 > 186
0 64 > 168
0 156 > 177
1 2 > 186
1 3 > 59
1 62 > 168
1 93 > 408
1 157 > 177
1 179 > 60
2 3 = 238
2 62 > 10
2 63 > 186
2 64 > 168
2 156 > 177
3 62 > 168
3 93 > 408
3 157 > 177
3 179 > 60
4 5 = 238
6 7 = 238
6 8 > 147
6 9 > 321
7 8 > 321
7 9 > 462
7 185 > 294
7 199 > 453
8 9 = 238
8 52 > 96
9 53 > 225
10 11 = 238
10 12 > 350
10 131 > 66
10 172 > 435
11 13 > 350
11 180 > 66
12 13 = 238
13 130 > 267
13 177 > 489
14 15 = 238
14 16 > 59
14 17 > 186
14 45 > 93
14 72 > 252
14 74 > 252
14 75 > 75
14 164 > 453
14 166 > 59
14 167 > 186
15 16 > 186
15 17 > 59
15 38 > 114
15 40 > 342
15 44 > 93
15 73 > 102
15 75 > 102
15 160 > 342
15 162 > 342
15 165 > 135
15 166 > 186
15 167 > 59
16 17 = 238
16 45 > 93
16 72 > 252
16 74 > 252
16 75 > 75
16 164 > 453
16 166 > 59
16 167 > 186
17 38 > 114
17 40 > 342
17 44 > 93
17 73 > 102
17 75 > 102
17 160 > 342
17 162 > 342
17 165 > 135
17 166 > 186
17 167 > 59
18 19 = 238
19 80 > 483
19 81 > 324
19 83 > 171
20 21 = 238
20 22 > 424
20 76 > 498
20 77 > 322
20 97 > 266
20 101 > 28
20 113 > 66
20 135 > 19
21 23 > 107
21 76 > 322
21 96 > 266
21 100 > 28
21 112 > 66
21 134 > 19
22 23 = 238
22 78 > 256
23 79 > 256
24 25 = 238
24 57 > 498
24 60 > 276
24 76 > 480
24 87 > 218
25 49 > 276
25 57 > 322
25 59 > 256
25 61 > 275
25 77 > 163
25 86 > 125
26 27 = 238
28 29 = 238
28 66 > 117
28 68 > 192
28 81 > 99
28 83 > 57
28 175 > 63
29 67 > 435
29 69 > 192
29 168 > 405
29 174 > 66
30 31 = 238
30 32 > 443
30 125 > 498
31 33 > 126
31 107 > 57
32 33 = 238
32 124 > 105
32 148 > 57
33 107 > 51
33 125 > 216
33 149 > 57
34 35 = 238
34 36 > 59
34 37 > 186
34 40 > 21
34 42 > 12
34 43 > 168
34 54 > 303
34 55 > 480
34 91 > 490
34 140 > 153
34 158 > 12
34 159 > 168
34 160 > 21
34 162 > 21
34 182 > 216
35 36 > 186
35 37 > 59
35 39 > 117
35 42 > 186
35 54 > 162
35 55 > 303
35 104 > 48
35 158 > 186
36 37 = 238
36 40 > 21
36 42 > 12
36 43 > 168
36 55 > 480
36 91 > 490
36 140 > 153
36 158 > 12
36 159 > 168
36 160 > 21
36 162 > 21
36 182 > 216
37 39 > 117
37 42 > 186
37 54 > 162
37 55 > 303
37 104 > 48
37 158 > 186
38 39 = 238
38 40 > 471
38 41 > 321
38 104 > 246
38 160 > 471
38 161 > 321
38 162 > 471
38 163 > 321
38 164 > 405
38 167 > 114
39 40 > 321
39 41 > 154
39 105 > 246
39 160 > 321
39 161 > 154
39 162 > 321
39 163 > 154
40 41 = 238
40 43 > 186
40 91 > 516
40 128 > 171
40 159 > 186
40 160 > 59
40 161 > 186
40 162 > 59
40 163 > 186
40 164 > 84
40 167 > 342
41 42 > 168
41 43 > 12
41 129 > 156
41 158 > 168
41 159 > 12
41 160 > 186
41 161 > 59
41 162 > 186
41 163 > 59
41 165 > 84
42 43 = 238
42 44 > 258
42 46 > 426
42 73 > 417
42 75 > 415
42 91 > 501
42 158 > 59
42 159 > 186
42 161 > 168
42 163 > 168
42 164 > 60
43 47 > 108
43 90 > 183
43 104 > 63
43 158 > 186
43 159 > 59
43 160 > 186
43 161 > 12
43 162 > 186
43 163 > 12
44 45 = 238
44 46 > 187
44 47 > 84
44 75 > 159
44 158 > 258
44 165 > 60
44 167 > 93
45 46 > 84
45 47 > 169
45 72 > 159
45 74 > 159
45 166 > 93
46 47 = 238
46 72 > 186
46 73 > 12
46 74 > 186
46 75 > 10
46 158 > 426
46 165 > 228
47 73 > 168
47 75 > 168
47 105 > 210
47 159 > 108
47 164 > 228
48 49 = 238
48 56 > 48
48 60 > 9
48 61 > 177
48 86 > 246
49 57 > 48
49 60 > 177
49 61 > 9
49 87 > 246
50 51 = 238
51 126 > 210
52 53 = 238
53 178 > 30
54 55 = 238
56 57 = 238
56 58 > 85
56 60 > 48
56 87 > 117
56 133 > 294
57 58 > 252
57 59 > 85
57 61 > 48
58 59 = 238
58 86 > 228
59 86 > 368
59 87 > 228
60 61 = 238
60 86 > 246
61 86 > 387
61 87 > 246
62 63 = 238
62 64 > 178
62 65 > 84
62 92 > 99
62 115 > 216
62 120 > 33
62 142 > 192
62 156 > 168
62 157 > 12
62 178 > 57
63 64 > 84
63 65 > 178
63 121 > 351
63 156 > 12
63 157 > 186
64 65 = 238
64 115 > 57
64 120 > 192
64 142 > 351
64 157 > 171
65 93 > 258
66 67 = 238
66 68 > 94
66 83 > 174
66 168 > 114
66 175 > 174
67 69 > 262
67 169 > 207
68 69 = 238
68 168 > 39
68 175 > 249
69 169 > 39
70 71 = 238
70 79 > 499
70 144 > 207
71 78 > 182
71 112 > 144
71 113 > 285
71 122 > 117
71 145 > 114
71 146 > 333
72 73 = 238
72 74 > 59
72 75 > 186
72 166 > 252
73 74 > 186
73 75 > 59
73 158 > 417
73 167 > 102
74 75 = 238
74 166 > 252
75 158 > 415
75 164 > 359
75 166 > 75
75 167 > 102
76 77 = 238
76 87 > 275
76 100 > 294
76 112 > 256
76 134 > 303
76 135 > 480
76 196 > 480
76 197 > 303
77 86 > 275
77 101 > 294
77 113 > 256
77 134 > 162
77 135 > 303
77 196 > 303
77 197 > 162
78 79 = 238
78 113 > 103
78 144 > 153
78 145 > 294
79 112 > 215
79 144 > 294
80 81 = 238
80 82 > 489
80 83 > 312
81 82 > 312
82 83 = 238
84 85 = 238
84 126 > 206
84 127 > 60
85 127 > 112
86 87 = 238
88 89 = 238
88 119 > 434
89 118 > 116
90 91 = 238
90 104 > 126
90 129 > 340
90 159 > 183
91 105 > 443
91 128 > 340
91 158 > 501
91 160 > 516
91 162 > 516
91 183 > 434
92 93 = 238
92 114 > 154
92 115 > 330
92 118 > 47
92 120 > 66
92 130 > 47
92 157 > 106
92 179 > 321
92 180 > 47
92 181 > 126
93 114 > 330
93 115 > 471
93 119 > 47
93 121 > 66
93 131 > 47
93 156 > 423
93 178 > 321
93 181 > 47
94 95 = 238
94 98 > 215
94 122 > 69
94 123 > 210
94 125 > 256
94 147 > 107
95 99 > 103
95 122 > 210
95 124 > 256
95 146 > 424
96 97 = 238
96 100 > 238
96 101 > 414
96 112 > 200
96 126 > 210
96 134 > 247
96 197 > 247
97 101 > 238
97 112 > 60
97 113 > 200
97 126 > 69
97 127 > 210
97 135 > 247
97 196 > 247
98 99 = 238
98 106 > 60
98 107 > 206
98 109 > 270
98 123 > 424
98 146 > 498
98 170 > 471
98 171 > 330
98 178 > 189
99 106 > 112
99 109 > 98
99 122 > 107
99 148 > 312
99 170 > 330
99 171 > 154
100 101 = 238
100 112 > 38
100 113 > 135
100 134 > 10
100 197 > 12
101 113 > 38
101 134 > 168
101 135 > 10
101 197 > 168
102 103 = 238
102 134 > 66
102 139 > 256
103 135 > 66
103 138 > 256
104 105 = 238
104 128 > 56
104 159 > 63
105 129 > 56
106 107 = 238
106 109 > 210
106 170 > 438
106 171 > 266
107 108 > 210
107 170 > 266
107 178 > 21
107 179 > 180
108 109 = 238
108 178 > 231
109 170 > 228
110 111 = 238
110 116 > 120
110 132 > 60
110 133 > 207
111 116 > 267
111 132 > 114
112 113 = 238
112 134 > 47
112 144 > 79
112 178 > 90
112 197 > 47
113 135 > 47
113 145 > 396
113 196 > 47
114 115 = 238
114 118 > 107
114 130 > 107
114 143 > 88
114 178 > 12
114 180 > 107
114 181 > 279
115 119 > 424
115 131 > 424
115 142 > 406
115 181 > 424
116 117 = 238
116 122 > 107
116 132 > 154
116 133 > 330
117 123 > 424
117 132 > 330
117 133 > 471
118 119 = 238
118 130 > 2
118 131 > 177
118 180 > 2
119 130 > 177
119 131 > 2
119 180 > 177
119 181 > 2
120 121 = 238
120 171 > 47
120 178 > 87
121 170 > 47
122 123 = 238
122 146 > 215
123 147 > 103
124 125 = 238
126 127 = 238
128 129 = 238
128 160 > 171
128 162 > 171
128 182 > 84
128 183 > 94
129 161 > 156
129 163 > 156
129 182 > 224
129 183 > 84
130 131 = 238
130 157 > 42
130 172 > 228
130 173 > 51
130 176 > 47
130 179 > 258
131 156 > 359
131 172 > 368
131 173 > 228
131 176 > 126
131 177 > 47
131 178 > 258
131 180 > 177
132 133 = 238
134 135 = 238
134 139 > 322
134 196 > 177
134 197 > 2
135 138 > 322
135 139 > 498
135 197 > 177
136 137 = 238
136 138 > 331
137 139 > 331
138 139 = 238
140 141 = 238
140 142 > 266
141 143 > 266
142 143 = 238
144 145 = 238
144 146 > 284
144 147 > 144
144 178 > 12
145 147 > 284
146 147 = 238
148 149 = 238
149 152 > 266
150 151 = 238
152 153 = 238
154 155 = 238
154 173 > 48
156 157 = 238
156 179 > 60
158 159 = 238
158 161 > 168
158 163 > 168
158 164 > 60
159 160 > 186
159 161 > 12
159 162 > 186
159 163 > 12
160 161 = 238
160 162 > 59
160 163 > 186
160 164 > 84
160 167 > 342
161 162 > 186
161 163 > 59
161 165 > 84
162 163 = 238
162 164 > 84
162 167 > 342
163 165 > 84
164 165 = 238
164 166 > 453
164 183 > 12
165 167 > 135
166 167 = 238
168 169 = 238
168 172 > 396
168 173 > 219
168 175 > 284
169 172 > 219
169 173 > 78
169 174 > 284
169 175 > 144
170 171 = 238
172 173 = 238
172 176 > 270
172 178 > 114
174 175 = 238
176 177 = 238
178 179 = 238
178 187 > 90
178 188 > 114
178 194 > 12
179 183 > 39
179 187 > 249
179 195 > 12
180 181 = 238
182 183 = 238
182 185 > 66
183 184 > 66
184 185 = 238
184 187 > 275
185 186 > 275
186 187 = 238
186 189 > 200
187 188 > 200
187 189 > 60
188 189 = 238
188 191 > 112
189 190 > 206
190 191 = 238
190 193 > 284
191 192 > 284
191 193 > 144
192 193 = 238
192 195 > 434
193 194 > 116
194 195 = 238
194 196 > 284
194 197 > 144
195 197 > 284
196 197 = 238
198 199 = 238
