660
0 1 = 238
0 2 > 59
0 126 > 2
0 128 > 2
1 3 > 59
2 3 = 238
2 126 > 2
2 128 > 2
4 5 = 238
4 10 > 56
4 194 > 60
4 196 > 266
4 379 > 247
5 11 > 56
5 195 > 378
5 197 > 266
5 378 > 247
6 7 = 238
6 377 > 256
7 376 > 256
8 9 = 238
8 10 > 350
8 12 > 66
8 28 > 312
8 378 > 206
9 11 > 350
9 13 > 66
9 29 > 312
9 379 > 112
10 11 = 238
10 12 > 284
10 379 > 303
10 387 > 84
10 393 > 75
11 13 > 284
11 378 > 303
11 386 > 84
11 392 > 75
12 13 = 238
12 387 > 200
13 386 > 200
14 15 = 238
14 16 > 201
14 293 > 126
14 384 > 275
15 17 > 518
15 292 > 443
15 385 > 275
16 17 = 238
16 293 > 56
16 384 > 94
17 292 > 56
17 385 > 224
18 19 = 238
20 21 = 238
22 23 = 238
22 24 > 359
23 25 > 359
24 25 = 238
26 27 = 238
26 28 > 144
26 198 > 154
26 292 > 266
27 29 > 462
27 199 > 471
27 293 > 266
28 29 = 238
28 378 > 107
29 379 > 424
30 31 = 238
30 372 > 196
32 33 = 238
34 35 = 238
34 37 > 59
35 36 > 369
36 37 = 238
38 39 = 238
38 40 > 59
38 141 > 340
38 314 > 94
38 316 > 187
39 41 > 59
39 315 > 94
39 317 > 169
40 41 = 238
40 141 > 340
40 314 > 94
40 316 > 187
41 315 > 94
41 317 > 169
42 43 = 238
44 45 = 238
46 47 = 238
46 48 > 59
46 140 > 256
46 143 > 47
46 145 > 182
47 49 > 59
48 49 = 238
48 140 > 256
48 143 > 47
48 145 > 182
50 51 = 238
52 53 = 238
54 55 = 238
56 57 = 238
56 58 > 201
56 190 > 47
57 59 > 518
58 59 = 238
58 190 > 135
60 61 = 238
60 66 > 59
61 67 > 59
62 63 = 238
62 64 > 131
63 65 > 225
64 65 = 238
66 67 = 238
68 69 = 238
70 71 = 238
70 171 > 452
70 294 > 47
71 170 > 135
71 295 > 47
72 73 = 238
72 74 > 135
72 147 > 66
72 221 > 135
72 229 > 256
72 243 > 2
72 269 > 10
73 75 > 452
73 146 > 66
73 220 > 452
73 228 > 256
73 242 > 2
73 268 > 10
74 75 = 238
74 148 > 60
75 149 > 378
76 77 = 238
76 146 > 396
76 201 > 39
77 115 > 60
77 117 > 206
77 121 > 144
77 147 > 79
77 200 > 39
78 79 = 238
80 81 = 238
82 83 = 238
82 84 > 79
83 85 > 397
84 85 = 238
86 87 = 238
86 88 > 59
86 215 > 424
87 89 > 59
88 89 = 238
88 215 > 424
90 91 = 238
90 92 > 66
90 310 > 59
90 312 > 59
91 93 > 66
91 311 > 59
91 313 > 59
92 93 = 238
92 310 > 66
92 312 > 66
93 311 > 66
93 313 > 66
94 95 = 238
94 141 > 103
94 306 > 59
95 307 > 59
96 97 = 238
96 98 > 59
96 141 > 10
97 99 > 59
98 99 = 238
98 141 > 10
100 101 = 238
102 103 = 238
104 105 = 238
106 107 = 238
108 109 = 238
108 286 > 84
108 308 > 285
109 287 > 234
109 289 > 206
109 309 > 285
110 111 = 238
110 112 > 59
111 113 > 59
112 113 = 238
114 115 = 238
114 116 > 285
115 117 > 285
115 305 > 42
116 117 = 238
117 200 > 215
117 305 > 224
118 119 = 238
120 121 = 238
122 123 = 238
122 124 > 59
123 125 > 59
123 288 > 79
124 125 = 238
124 287 > 424
124 289 > 396
125 288 > 79
126 127 = 238
126 128 > 59
127 129 > 59
128 129 = 238
130 131 = 238
130 132 > 169
131 133 > 187
132 133 = 238
134 135 = 238
134 149 > 200
135 148 > 200
136 137 = 238
136 319 > 141
136 321 > 141
137 318 > 215
137 320 > 215
138 139 = 238
138 140 > 59
139 141 > 59
140 141 = 238
141 306 > 103
141 314 > 266
141 316 > 172
142 143 = 238
142 144 > 247
143 145 > 247
144 145 = 238
146 147 = 238
146 201 > 387
146 228 > 191
146 242 > 66
146 268 > 56
146 365 > 275
147 200 > 70
147 229 > 191
147 243 > 66
147 269 > 56
147 364 > 275
148 149 = 238
148 243 > 75
149 242 > 75
149 278 > 247
150 151 = 238
150 159 > 10
150 163 > 294
151 154 > 103
151 158 > 10
151 161 > 159
151 162 > 294
152 153 = 238
152 157 > 75
153 156 > 75
154 155 = 238
154 158 > 112
154 161 > 56
154 162 > 396
154 189 > 434
155 159 > 206
155 160 > 56
155 163 > 79
155 188 > 116
156 157 = 238
156 159 > 331
157 158 > 331
158 159 = 238
160 161 = 238
161 162 > 452
162 163 = 238
162 210 > 38
162 334 > 434
163 335 > 116
164 165 = 238
164 166 > 191
164 168 > 112
164 170 > 38
164 178 > 2
164 191 > 294
164 322 > 98
164 366 > 116
165 167 > 508
165 169 > 206
165 171 > 38
165 179 > 2
165 190 > 294
165 323 > 415
165 367 > 434
166 167 = 238
168 169 = 238
168 190 > 247
168 366 > 228
169 191 > 247
169 367 > 228
170 171 = 238
170 178 > 38
170 191 > 256
170 295 > 88
171 190 > 256
171 294 > 406
172 173 = 238
172 174 > 415
172 192 > 224
172 342 > 443
172 347 > 480
173 175 > 98
173 193 > 94
173 343 > 126
173 346 > 163
174 175 = 238
174 342 > 28
175 343 > 28
176 177 = 238
176 368 > 125
177 369 > 442
178 179 = 238
178 184 > 126
178 191 > 294
178 322 > 98
179 185 > 443
179 190 > 294
180 181 = 238
180 188 > 98
180 192 > 32
180 347 > 224
181 189 > 415
181 193 > 350
181 346 > 94
182 183 = 238
184 185 = 238
186 187 = 238
186 256 > 424
187 257 > 107
188 189 = 238
188 192 > 66
188 347 > 322
189 193 > 66
189 346 > 322
190 191 = 238
190 323 > 122
191 322 > 196
192 193 = 238
192 342 > 219
192 347 > 282
193 343 > 219
193 346 > 282
194 195 = 238
194 196 > 218
195 197 > 125
196 197 = 238
198 199 = 238
200 201 = 238
202 203 = 238
202 249 > 424
203 248 > 107
204 205 = 238
204 206 > 112
204 208 > 312
205 207 > 206
205 209 > 312
206 207 = 238
206 208 > 424
206 282 > 38
206 284 > 238
207 209 > 107
207 283 > 38
207 285 > 238
208 209 = 238
210 211 = 238
210 334 > 471
211 335 > 154
212 213 = 238
214 215 = 238
214 234 > 56
214 259 > 256
215 235 > 56
215 258 > 256
215 351 > 462
216 217 = 238
216 244 > 266
216 248 > 215
216 250 > 56
216 260 > 224
216 301 > 367
216 348 > 471
217 245 > 266
217 249 > 103
217 251 > 56
217 261 > 94
217 300 > 367
217 349 > 154
218 219 = 238
218 224 > 135
218 253 > 340
218 255 > 154
218 281 > 47
219 225 > 452
219 252 > 340
219 254 > 471
219 280 > 47
220 221 = 238
220 228 > 196
220 242 > 452
220 256 > 415
220 268 > 443
220 365 > 112
221 229 > 122
221 243 > 135
221 257 > 98
221 269 > 126
221 364 > 206
222 223 = 238
223 340 > 406
224 225 = 238
224 237 > 116
224 253 > 206
224 326 > 47
225 236 > 434
225 239 > 219
225 252 > 112
225 327 > 47
226 227 = 238
226 287 > 415
226 289 > 387
226 332 > 256
227 286 > 98
227 288 > 70
227 303 > 182
227 333 > 256
228 229 = 238
228 242 > 256
228 268 > 247
229 243 > 256
229 269 > 247
230 231 = 238
230 268 > 480
230 273 > 256
231 269 > 163
231 272 > 256
232 233 = 238
232 285 > 434
233 271 > 112
233 284 > 116
234 235 = 238
234 258 > 42
235 259 > 359
236 237 = 238
236 239 > 215
236 327 > 480
237 238 > 103
237 326 > 163
238 239 = 238
240 241 = 238
242 243 = 238
242 268 > 10
242 278 > 322
242 365 > 340
243 269 > 10
243 279 > 322
243 364 > 340
244 245 = 238
244 248 > 51
244 260 > 42
244 277 > 210
244 348 > 206
245 249 > 368
245 261 > 359
245 276 > 210
245 349 > 112
246 247 = 238
246 252 > 66
246 264 > 275
247 253 > 66
247 265 > 275
248 249 = 238
248 260 > 10
248 348 > 256
249 261 > 10
249 349 > 256
250 251 = 238
250 327 > 56
251 326 > 56
252 253 = 238
252 280 > 294
253 281 > 294
254 255 = 238
256 257 = 238
258 259 = 238
258 351 > 206
259 350 > 112
260 261 = 238
260 301 > 126
260 329 > 70
260 336 > 32
261 300 > 443
261 328 > 387
261 337 > 350
262 263 = 238
262 264 > 206
263 265 > 112
263 267 > 378
264 265 = 238
266 267 = 238
268 269 = 238
268 273 > 224
268 365 > 331
269 272 > 94
270 271 = 238
270 272 > 191
270 285 > 228
271 273 > 191
271 284 > 228
272 273 = 238
274 275 = 238
274 276 > 88
275 277 > 406
276 277 = 238
278 279 = 238
278 280 > 275
279 281 > 275
280 281 = 238
282 283 = 238
282 284 > 275
284 285 = 238
286 287 = 238
286 288 > 41
286 303 > 84
286 308 > 182
287 289 > 41
287 309 > 499
288 289 = 238
288 303 > 112
289 309 > 471
290 291 = 238
291 296 > 490
292 293 = 238
292 374 > 228
293 375 > 228
294 295 = 238
296 297 = 238
298 299 = 238
300 301 = 238
302 303 = 238
304 305 = 238
306 307 = 238
308 309 = 238
310 311 = 238
310 312 > 59
311 313 > 59
312 313 = 238
314 315 = 238
314 316 > 113
315 317 > 243
316 317 = 238
318 319 = 238
318 320 > 59
319 321 > 59
320 321 = 238
322 323 = 238
322 344 > 47
323 345 > 47
324 325 = 238
324 329 > 256
324 335 > 284
325 328 > 256
325 334 > 284
326 327 = 238
328 329 = 238
330 331 = 238
330 333 > 56
331 332 > 56
332 333 = 238
334 335 = 238
336 337 = 238
338 339 = 238
340 341 = 238
342 343 = 238
342 347 > 38
343 346 > 38
344 345 = 238
346 347 = 238
348 349 = 238
350 351 = 238
350 353 > 112
351 352 > 206
352 353 = 238
352 355 > 107
353 354 > 424
354 355 = 238
354 357 > 443
355 356 > 126
356 357 = 238
356 359 > 98
357 358 > 415
358 359 = 238
358 361 > 294
359 360 > 294
360 361 = 238
360 363 > 480
361 362 > 163
362 363 = 238
362 364 > 340
363 365 > 340
364 365 = 238
366 367 = 238
368 369 = 238
370 371 = 238
372 373 = 238
374 375 = 238
374 377 > 135
374 385 > 60
375 376 > 452
375 384 > 378
376 377 = 238
376 394 > 234
377 395 > 84
378 379 = 238
378 383 > 294
378 387 > 60
378 392 > 228
379 382 > 294
379 386 > 378
379 393 > 228
380 381 = 238
380 382 > 284
380 384 > 368
380 397 > 406
381 383 > 284
381 385 > 51
381 396 > 88
382 383 = 238
382 386 > 84
383 387 > 234
384 385 = 238
384 397 > 38
386 387 = 238
388 389 = 238
388 390 > 315
388 392 > 406
389 391 > 315
389 393 > 88
390 391 = 238
390 392 > 103
391 393 > 215
392 393 = 238
394 395 = 238
396 397 = 238
398 399 = 238
