3757
0 1 = 238
0 110 > 15
0 111 > 29
0 280 > 35
0 390 > 25
0 472 > 31
0 473 > 12
0 491 > 32
0 507 > 11
0 534 > 16
1 111 > 25
1 114 > 60
1 115 > 1
1 391 > 10
1 534 > 27
2 3 = 238
2 90 > 52
2 91 > 22
2 198 > 70
2 199 > 1
2 664 > 8
2 665 > 24
2 675 > 14
3 56 > 2
3 390 > 27
3 391 > 7
3 394 > 35
3 674 > 50
4 5 = 238
4 34 > 18
4 35 > 38
4 327 > 11
4 384 > 13
4 475 > 8
5 106 > 6
5 196 > 28
5 197 > 55
5 327 > 7
5 474 > 43
5 475 > 38
5 558 > 24
5 559 > 13
6 7 = 238
6 11 > 1
6 27 > 3
6 75 > 4
6 113 > 56
6 364 > 4
6 570 > 33
6 571 > 53
7 11 > 3
7 46 > 24
7 47 > 36
7 48 > 9
7 49 > 129
7 75 > 12
7 112 > 38
7 113 > 41
7 365 > 9
8 9 = 238
8 18 > 2
8 19 > 4
8 28 > 43
8 29 > 48
8 678 > 4
8 679 > 48
9 18 > 56
9 19 > 9
9 28 > 56
9 29 > 34
9 678 > 14
9 679 > 111
10 11 = 238
10 27 > 56
10 75 > 47
10 110 > 66
10 111 > 19
11 47 > 20
11 52 > 16
11 76 > 5
11 77 > 9
11 112 > 46
11 365 > 22
12 13 = 238
12 21 > 81
12 36 > 36
12 37 > 5
12 60 > 7
12 61 > 36
12 101 > 12
12 676 > 2
13 37 > 18
13 100 > 13
13 101 > 2
13 655 > 9
13 678 > 77
13 679 > 10
14 15 = 238
14 54 > 38
14 66 > 25
14 67 > 45
14 114 > 45
14 115 > 56
14 252 > 24
14 265 > 2
14 342 > 33
15 54 > 29
15 265 > 15
16 17 = 238
16 80 > 15
16 81 > 3
16 88 > 19
16 89 > 20
16 130 > 43
16 190 > 43
16 191 > 8
16 634 > 45
16 672 > 133
17 106 > 5
17 107 > 37
17 191 > 23
17 242 > 20
17 271 > 40
17 634 > 55
17 673 > 27
18 19 = 238
18 28 > 3
18 29 > 13
18 678 > 54
18 679 > 24
19 28 > 54
19 29 > 18
19 678 > 56
19 679 > 25
20 21 = 238
20 36 > 4
20 48 > 8
20 49 > 28
20 100 > 76
20 654 > 100
20 676 > 34
20 678 > 6
20 679 > 46
21 68 > 8
21 676 > 1
21 677 > 7
22 23 = 238
22 30 > 34
22 31 > 2
22 45 > 21
22 84 > 9
22 85 > 5
22 95 > 31
22 306 > 4
23 44 > 5
23 122 > 19
23 126 > 26
23 127 > 22
23 161 > 56
23 307 > 6
24 25 = 238
24 40 > 35
24 41 > 18
24 96 > 6
24 97 > 36
24 154 > 61
24 155 > 8
24 210 > 10
24 211 > 18
24 398 > 48
24 399 > 16
24 444 > 8
24 445 > 17
24 460 > 4
24 461 > 17
24 522 > 7
24 523 > 3
25 40 > 56
25 41 > 32
25 96 > 14
25 97 > 18
25 154 > 35
25 155 > 56
25 196 > 23
25 197 > 1
25 210 > 54
25 211 > 18
25 398 > 32
25 399 > 6
25 444 > 2
25 445 > 24
25 522 > 54
25 523 > 36
26 27 = 238
26 46 > 26
26 47 > 5
26 53 > 44
26 56 > 73
26 57 > 16
26 75 > 28
26 112 > 19
27 47 > 49
27 54 > 4
27 55 > 13
27 75 > 56
27 364 > 2
28 29 = 238
28 678 > 45
28 679 > 3
29 678 > 39
29 679 > 17
30 31 = 238
30 92 > 31
30 93 > 39
30 144 > 21
30 145 > 89
30 150 > 32
30 328 > 42
31 298 > 41
31 329 > 11
31 455 > 11
32 33 = 238
32 82 > 15
32 172 > 3
32 173 > 96
32 265 > 90
33 54 > 45
33 55 > 5
33 82 > 5
33 253 > 1
33 254 > 7
33 255 > 26
33 343 > 56
34 35 = 238
34 58 > 7
34 59 > 3
34 88 > 56
34 89 > 37
34 176 > 29
34 240 > 9
34 269 > 13
34 317 > 41
34 375 > 37
35 88 > 19
35 89 > 56
35 134 > 6
35 300 > 11
35 301 > 21
35 317 > 15
35 375 > 10
36 37 = 238
36 49 > 40
36 69 > 5
36 184 > 4
36 185 > 44
36 655 > 34
37 58 > 5
37 59 > 47
37 100 > 18
38 39 = 238
38 334 > 7
38 335 > 20
38 421 > 22
38 440 > 12
38 441 > 43
38 576 > 80
38 577 > 3
39 119 > 12
39 270 > 12
39 271 > 1
39 334 > 1
39 576 > 20
40 41 = 238
40 96 > 32
40 97 > 12
40 154 > 56
40 155 > 23
40 210 > 5
40 211 > 11
40 398 > 29
40 399 > 4
40 444 > 1
40 445 > 56
40 522 > 18
40 523 > 14
41 96 > 32
41 97 > 56
41 154 > 56
41 155 > 7
41 210 > 4
41 211 > 120
41 398 > 12
41 399 > 15
41 444 > 10
41 445 > 17
41 522 > 6
41 523 > 46
42 43 = 238
42 156 > 3
42 356 > 24
42 358 > 10
42 359 > 23
42 366 > 9
42 367 > 30
43 160 > 53
43 161 > 8
43 164 > 39
43 360 > 49
43 361 > 56
43 366 > 53
43 471 > 23
44 45 = 238
44 122 > 9
44 158 > 4
44 159 > 94
44 183 > 40
44 306 > 44
45 94 > 112
45 95 > 8
45 160 > 33
45 183 > 10
46 47 = 238
46 53 > 2
46 112 > 3
46 113 > 31
47 190 > 1
47 191 > 24
47 365 > 22
48 49 = 238
48 69 > 6
48 100 > 142
48 101 > 6
48 264 > 3
48 265 > 22
48 655 > 10
49 68 > 8
49 100 > 18
50 51 = 238
50 170 > 126
50 174 > 6
50 276 > 25
50 560 > 15
50 561 > 8
51 171 > 1
51 174 > 3
51 175 > 42
51 201 > 30
51 249 > 4
51 250 > 1
51 277 > 80
52 53 = 238
52 74 > 54
52 75 > 22
52 365 > 3
52 618 > 5
52 619 > 91
53 75 > 4
53 113 > 40
53 365 > 10
53 438 > 6
53 439 > 30
54 55 = 238
54 252 > 26
54 265 > 28
54 462 > 19
54 463 > 6
55 114 > 36
55 264 > 45
55 265 > 56
55 343 > 3
55 556 > 50
55 557 > 10
56 57 = 238
56 136 > 105
56 137 > 45
57 90 > 1
57 91 > 15
57 181 > 16
57 324 > 35
57 394 > 15
57 395 > 27
57 664 > 3
57 665 > 11
57 675 > 11
57 676 > 56
57 677 > 56
58 59 = 238
58 98 > 6
58 99 > 18
58 205 > 112
58 230 > 5
58 231 > 7
58 291 > 8
58 382 > 14
58 383 > 15
59 99 > 1
59 156 > 117
59 157 > 82
59 290 > 32
60 61 = 238
60 151 > 41
60 329 > 9
60 492 > 3
60 493 > 4
61 299 > 27
61 454 > 3
61 455 > 23
62 63 = 238
62 236 > 39
62 237 > 46
62 376 > 32
62 377 > 29
62 414 > 21
62 415 > 37
62 446 > 5
62 447 > 1
62 452 > 3
62 453 > 19
62 462 > 43
62 463 > 39
62 548 > 19
62 549 > 5
62 610 > 22
62 611 > 51
63 236 > 17
63 237 > 54
63 376 > 4
63 377 > 11
63 384 > 5
63 385 > 6
63 414 > 17
63 415 > 2
63 452 > 43
63 453 > 4
63 462 > 14
63 463 > 7
63 548 > 72
63 549 > 10
63 610 > 22
63 611 > 36
64 65 = 238
64 78 > 83
64 79 > 14
64 124 > 12
64 138 > 30
64 139 > 3
64 288 > 29
64 289 > 2
65 79 > 11
65 114 > 95
65 115 > 2
65 125 > 34
65 574 > 47
66 67 = 238
66 148 > 9
66 149 > 12
66 232 > 6
66 233 > 46
66 314 > 7
66 315 > 21
66 330 > 20
66 331 > 15
66 332 > 10
66 333 > 4
66 344 > 6
66 345 > 16
66 354 > 14
66 355 > 31
66 402 > 26
66 403 > 29
67 148 > 45
67 149 > 13
67 232 > 19
67 233 > 19
67 314 > 5
67 315 > 10
67 330 > 1
67 331 > 4
67 344 > 47
67 345 > 20
67 354 > 5
67 355 > 35
67 402 > 29
67 403 > 5
68 69 = 238
68 655 > 28
68 668 > 8
68 669 > 20
69 292 > 2
69 293 > 23
69 677 > 13
70 71 = 238
70 226 > 35
70 369 > 5
70 456 > 56
70 457 > 2
70 494 > 38
70 595 > 7
71 227 > 5
71 344 > 26
71 345 > 20
71 595 > 18
72 73 = 238
72 126 > 56
72 127 > 30
72 179 > 33
72 358 > 56
72 498 > 21
72 652 > 6
72 653 > 33
72 669 > 5
73 178 > 56
73 304 > 74
73 498 > 3
73 499 > 12
73 652 > 47
73 656 > 3
73 657 > 17
73 669 > 53
73 674 > 9
73 675 > 9
74 75 = 238
74 112 > 39
74 113 > 64
74 302 > 3
74 303 > 3
74 364 > 39
74 365 > 1
75 112 > 5
75 426 > 8
75 427 > 19
76 77 = 238
76 103 > 19
76 186 > 11
76 347 > 10
77 102 > 7
77 133 > 4
77 353 > 2
78 79 = 238
78 124 > 67
78 288 > 25
78 289 > 13
78 292 > 7
78 293 > 26
78 398 > 21
78 399 > 41
78 431 > 13
78 574 > 7
79 124 > 52
79 170 > 56
79 171 > 56
79 431 > 4
79 502 > 9
79 575 > 40
80 81 = 238
80 131 > 12
80 191 > 13
80 210 > 56
80 211 > 48
81 131 > 18
81 242 > 7
81 270 > 1
81 322 > 20
81 323 > 4
81 635 > 25
82 83 = 238
82 115 > 22
82 252 > 26
82 666 > 31
82 667 > 17
83 252 > 12
84 85 = 238
84 94 > 10
84 95 > 19
84 183 > 9
85 126 > 12
85 127 > 35
85 160 > 12
85 183 > 13
86 87 = 238
86 208 > 54
86 308 > 14
86 309 > 8
86 426 > 23
86 466 > 3
86 467 > 22
87 248 > 42
87 249 > 25
87 254 > 24
87 283 > 10
87 311 > 31
87 427 > 42
87 467 > 17
88 89 = 238
88 134 > 33
88 168 > 28
88 169 > 4
88 176 > 25
88 177 > 30
88 241 > 56
88 269 > 33
88 317 > 53
88 374 > 29
89 134 > 15
89 218 > 13
89 219 > 31
89 316 > 49
89 374 > 25
90 91 = 238
90 114 > 26
90 115 > 18
90 180 > 8
90 325 > 25
90 394 > 48
90 395 > 10
90 675 > 9
91 395 > 12
91 675 > 11
92 93 = 238
92 172 > 45
92 173 > 107
92 206 > 20
92 207 > 13
92 386 > 21
92 387 > 55
92 412 > 55
92 413 > 2
92 532 > 30
92 533 > 1
92 544 > 36
92 545 > 27
92 572 > 31
92 573 > 3
92 622 > 23
92 623 > 3
93 206 > 27
93 207 > 20
93 386 > 26
93 387 > 79
93 412 > 13
93 413 > 13
93 532 > 27
93 533 > 46
93 544 > 35
93 545 > 10
93 572 > 4
93 573 > 24
93 622 > 8
93 623 > 16
93 674 > 30
93 675 > 77
94 95 = 238
94 123 > 60
94 183 > 25
95 161 > 5
95 182 > 4
95 183 > 12
96 97 = 238
96 154 > 23
96 155 > 11
96 210 > 12
96 211 > 17
96 398 > 31
96 399 > 22
96 444 > 56
96 445 > 61
96 522 > 5
96 523 > 24
97 154 > 46
97 155 > 11
97 210 > 54
97 211 > 35
97 398 > 9
97 399 > 56
97 444 > 53
97 445 > 26
97 522 > 4
97 523 > 8
97 592 > 35
97 593 > 1
98 99 = 238
98 120 > 4
98 121 > 41
98 152 > 26
98 153 > 6
98 204 > 12
98 205 > 6
99 153 > 12
99 204 > 13
99 291 > 15
100 101 = 238
100 174 > 7
100 175 > 1
100 654 > 5
100 655 > 56
101 662 > 43
101 663 > 23
101 676 > 15
102 103 = 238
102 133 > 23
102 186 > 45
102 187 > 46
102 224 > 21
102 225 > 36
102 353 > 4
103 127 > 11
103 133 > 56
103 187 > 8
103 188 > 9
103 346 > 15
103 347 > 54
104 105 = 238
104 348 > 15
104 349 > 10
104 370 > 2
104 371 > 31
104 456 > 15
104 457 > 4
105 376 > 43
105 377 > 4
105 456 > 2
105 457 > 11
105 633 > 3
105 670 > 2
106 107 = 238
106 197 > 50
106 220 > 56
106 384 > 34
106 406 > 23
106 475 > 83
107 327 > 35
107 385 > 48
107 406 > 27
108 109 = 238
108 132 > 11
108 133 > 1
108 348 > 2
108 349 > 9
108 400 > 30
108 401 > 9
108 424 > 26
108 425 > 40
108 482 > 22
108 483 > 53
108 562 > 15
108 563 > 56
108 590 > 46
108 591 > 115
108 598 > 24
108 599 > 5
109 348 > 10
109 349 > 11
109 400 > 1
109 401 > 24
109 424 > 1
109 425 > 52
109 482 > 3
109 483 > 52
109 562 > 1
109 563 > 56
109 590 > 29
109 591 > 82
109 598 > 5
109 599 > 16
110 111 = 238
110 117 > 49
110 391 > 4
110 490 > 1
110 535 > 109
111 116 > 39
111 280 > 20
111 281 > 34
111 390 > 10
111 491 > 3
111 506 > 26
111 514 > 11
111 515 > 16
112 113 = 238
112 365 > 12
113 616 > 40
113 617 > 23
114 115 = 238
114 252 > 13
114 342 > 29
115 253 > 47
115 264 > 9
115 265 > 4
115 342 > 21
115 343 > 8
116 117 = 238
116 490 > 36
116 491 > 38
116 507 > 19
117 390 > 6
117 418 > 4
117 419 > 1
117 491 > 14
117 534 > 12
118 119 = 238
118 526 > 35
118 527 > 12
118 576 > 20
118 577 > 43
119 446 > 5
119 447 > 52
120 121 = 238
120 262 > 31
120 263 > 42
120 297 > 9
120 428 > 8
121 162 > 1
121 163 > 54
121 297 > 17
121 414 > 44
121 415 > 49
121 428 > 21
121 530 > 5
121 558 > 9
121 559 > 11
122 123 = 238
122 306 > 15
122 382 > 40
122 383 > 34
123 178 > 59
123 179 > 9
123 306 > 8
123 307 > 18
124 125 = 238
124 430 > 30
124 503 > 15
124 574 > 27
125 293 > 37
125 430 > 9
125 431 > 25
125 502 > 6
126 127 = 238
126 132 > 6
126 133 > 50
126 156 > 44
126 157 > 32
126 187 > 1
126 189 > 37
126 346 > 11
126 353 > 50
127 188 > 90
127 189 > 5
127 353 > 22
128 129 = 238
128 309 > 15
128 440 > 46
128 441 > 56
128 443 > 20
128 448 > 5
128 561 > 1
128 666 > 26
129 449 > 33
129 477 > 40
129 560 > 21
129 626 > 12
129 672 > 13
129 673 > 7
130 131 = 238
130 242 > 16
130 243 > 37
130 673 > 56
131 242 > 37
131 270 > 1
131 634 > 31
131 672 > 12
131 673 > 2
132 133 = 238
132 188 > 11
132 347 > 55
132 352 > 37
133 186 > 56
133 187 > 18
133 220 > 10
133 221 > 5
133 346 > 49
133 347 > 5
134 135 = 238
134 176 > 3
134 308 > 40
134 309 > 23
135 177 > 62
135 194 > 28
135 195 > 5
135 268 > 22
135 317 > 31
135 374 > 6
135 375 > 19
136 137 = 238
136 256 > 77
136 257 > 56
136 363 > 24
136 372 > 56
136 373 > 12
137 238 > 66
137 239 > 2
137 244 > 1
137 245 > 56
137 301 > 6
137 612 > 19
137 613 > 28
138 139 = 238
138 416 > 52
138 417 > 10
138 522 > 5
138 523 > 28
138 596 > 6
139 378 > 29
139 379 > 25
139 417 > 9
139 514 > 6
140 141 = 238
140 332 > 19
140 333 > 22
140 422 > 26
140 423 > 27
140 516 > 31
140 517 > 28
140 564 > 31
140 565 > 4
140 618 > 13
140 619 > 9
140 624 > 12
140 625 > 34
140 636 > 56
140 637 > 42
141 332 > 31
141 333 > 7
141 422 > 1
141 423 > 19
141 516 > 8
141 517 > 31
141 564 > 17
141 565 > 46
141 618 > 37
141 619 > 18
141 620 > 14
141 621 > 6
141 624 > 12
141 625 > 32
141 636 > 19
141 637 > 3
142 143 = 238
142 224 > 12
142 225 > 52
142 274 > 3
142 284 > 25
142 312 > 116
142 313 > 5
142 404 > 50
142 440 > 64
143 208 > 37
143 209 > 11
143 229 > 33
143 284 > 4
143 312 > 5
143 313 > 2
143 404 > 9
143 441 > 52
144 145 = 238
144 151 > 14
144 298 > 9
144 328 > 18
144 376 > 4
144 377 > 17
144 492 > 9
144 493 > 28
145 151 > 56
145 298 > 47
145 299 > 45
145 322 > 11
145 323 > 16
145 328 > 38
145 454 > 5
145 492 > 25
146 147 = 238
146 192 > 1
146 193 > 3
146 296 > 1
146 340 > 28
146 428 > 13
147 341 > 39
147 558 > 32
147 559 > 3
147 606 > 26
147 607 > 113
148 149 = 238
148 232 > 7
148 233 > 4
148 234 > 28
148 235 > 16
148 314 > 39
148 315 > 2
148 330 > 50
148 331 > 42
148 344 > 52
148 345 > 57
148 354 > 66
148 355 > 56
148 402 > 52
148 403 > 1
149 232 > 5
149 233 > 41
149 314 > 5
149 315 > 5
149 330 > 3
149 331 > 31
149 344 > 7
149 345 > 13
149 354 > 37
149 355 > 1
149 402 > 30
149 403 > 9
150 151 = 238
150 320 > 8
150 321 > 51
151 460 > 1
151 461 > 50
151 492 > 4
152 153 = 238
152 205 > 7
152 290 > 49
152 390 > 53
152 391 > 33
152 608 > 39
153 205 > 21
153 290 > 66
153 291 > 74
153 392 > 3
153 393 > 43
153 396 > 8
154 155 = 238
154 164 > 9
154 165 > 29
154 210 > 21
154 211 > 4
154 398 > 30
154 399 > 7
154 444 > 16
154 445 > 1
154 522 > 39
154 523 > 6
155 210 > 123
155 211 > 32
155 398 > 53
155 399 > 44
155 404 > 42
155 405 > 23
155 444 > 37
155 445 > 43
155 522 > 50
155 523 > 51
156 157 = 238
156 160 > 5
156 161 > 17
156 356 > 40
156 357 > 51
156 360 > 18
156 367 > 56
157 164 > 19
157 358 > 45
157 359 > 9
157 360 > 1
157 361 > 41
157 366 > 37
157 367 > 5
157 470 > 21
158 159 = 238
158 164 > 56
158 165 > 33
158 267 > 38
158 273 > 56
158 468 > 28
158 508 > 80
159 172 > 154
159 173 > 119
159 273 > 51
159 351 > 28
159 468 > 49
160 161 = 238
160 166 > 12
160 167 > 28
160 182 > 9
160 183 > 7
160 306 > 43
161 182 > 2
161 308 > 3
161 309 > 37
162 163 = 238
162 246 > 16
162 247 > 33
162 296 > 7
162 297 > 8
162 341 > 17
162 429 > 31
162 558 > 17
162 559 > 3
163 296 > 7
163 297 > 8
163 372 > 6
163 373 > 15
163 530 > 38
163 558 > 56
164 165 = 238
164 357 > 3
164 361 > 32
164 367 > 14
164 470 > 34
164 471 > 5
165 361 > 22
165 367 > 3
165 568 > 1
165 569 > 58
166 167 = 238
166 372 > 25
166 373 > 37
166 418 > 21
166 419 > 100
166 446 > 85
166 447 > 8
166 460 > 1
166 461 > 40
166 510 > 46
166 511 > 41
166 600 > 6
166 601 > 53
166 638 > 10
166 639 > 56
166 642 > 46
166 643 > 39
167 372 > 12
167 373 > 43
167 418 > 12
167 419 > 16
167 446 > 1
167 447 > 37
167 510 > 11
167 511 > 27
167 600 > 1
167 601 > 54
167 638 > 48
167 639 > 30
167 642 > 56
167 643 > 2
168 169 = 238
168 203 > 6
168 273 > 14
169 202 > 13
169 203 > 71
169 214 > 33
169 215 > 30
169 267 > 1
169 272 > 49
169 273 > 53
169 350 > 21
169 468 > 56
169 469 > 33
170 171 = 238
170 226 > 4
170 227 > 55
170 248 > 1
170 249 > 13
170 250 > 46
170 276 > 28
171 200 > 84
171 248 > 13
171 250 > 13
171 251 > 50
171 276 > 66
171 380 > 35
171 381 > 4
171 539 > 17
172 173 = 238
172 322 > 30
172 323 > 4
172 546 > 7
172 566 > 4
172 662 > 18
172 663 > 1
173 458 > 22
173 546 > 6
173 552 > 11
173 553 > 19
173 566 > 3
173 615 > 35
173 660 > 16
173 662 > 2
174 175 = 238
174 201 > 39
174 248 > 19
174 538 > 7
175 201 > 4
175 248 > 144
175 249 > 34
175 276 > 35
175 372 > 29
175 373 > 28
175 538 > 5
175 539 > 50
176 177 = 238
176 196 > 13
176 197 > 29
177 241 > 30
177 269 > 91
177 375 > 21
178 179 = 238
178 304 > 16
178 305 > 51
178 359 > 10
178 652 > 5
178 657 > 21
178 668 > 23
179 304 > 38
179 305 > 101
179 358 > 12
179 359 > 14
179 370 > 55
179 371 > 20
179 498 > 65
179 499 > 2
179 669 > 23
180 181 = 238
180 264 > 2
180 265 > 23
180 395 > 54
181 324 > 56
181 380 > 13
181 381 > 4
181 664 > 35
181 674 > 55
181 675 > 13
182 183 = 238
184 185 = 238
184 388 > 18
184 389 > 5
184 406 > 94
184 407 > 79
184 408 > 69
184 409 > 5
184 432 > 25
184 433 > 50
184 472 > 10
184 473 > 21
184 504 > 55
184 505 > 130
184 552 > 22
184 553 > 39
184 584 > 56
184 585 > 27
185 388 > 22
185 389 > 5
185 402 > 52
185 403 > 3
185 408 > 56
185 409 > 24
185 432 > 8
185 433 > 30
185 472 > 13
185 473 > 1
185 504 > 49
185 505 > 16
185 552 > 7
185 553 > 18
185 584 > 2
185 585 > 73
186 187 = 238
186 288 > 2
186 289 > 26
186 347 > 5
186 352 > 13
186 353 > 43
187 353 > 40
188 189 = 238
188 294 > 1
188 295 > 19
188 347 > 16
189 346 > 8
189 352 > 30
190 191 = 238
190 268 > 6
190 269 > 12
190 634 > 4
191 243 > 38
191 271 > 96
191 634 > 56
191 654 > 51
191 655 > 56
191 672 > 32
192 193 = 238
192 258 > 34
192 259 > 34
192 286 > 1
192 287 > 34
192 336 > 10
192 337 > 7
192 500 > 49
192 501 > 63
192 502 > 7
192 503 > 40
192 512 > 8
192 513 > 17
192 528 > 105
192 529 > 16
192 568 > 32
192 569 > 56
193 258 > 9
193 259 > 26
193 286 > 12
193 287 > 11
193 336 > 34
193 337 > 17
193 500 > 9
193 501 > 48
193 512 > 4
193 513 > 22
193 522 > 17
193 523 > 29
193 528 > 44
193 529 > 115
193 568 > 9
193 569 > 28
194 195 = 238
194 202 > 10
194 203 > 8
194 212 > 7
194 213 > 24
194 392 > 80
194 393 > 6
194 520 > 43
194 521 > 53
194 582 > 48
194 583 > 11
194 616 > 61
194 617 > 52
194 644 > 20
194 645 > 19
194 650 > 56
194 651 > 49
195 212 > 6
195 213 > 5
195 372 > 10
195 373 > 28
195 392 > 8
195 393 > 21
195 520 > 33
195 521 > 18
195 582 > 49
195 583 > 27
195 616 > 34
195 617 > 138
195 644 > 39
195 645 > 1
195 650 > 24
195 651 > 70
196 197 = 238
196 326 > 37
196 407 > 76
197 221 > 22
197 475 > 7
198 199 = 238
198 260 > 3
198 261 > 45
198 275 > 10
198 284 > 3
198 404 > 56
198 441 > 30
199 229 > 11
199 285 > 86
199 312 > 36
199 405 > 15
199 441 > 33
200 201 = 238
200 249 > 8
200 276 > 20
200 277 > 74
200 538 > 15
201 277 > 13
201 542 > 17
201 543 > 48
202 203 = 238
202 267 > 18
202 268 > 8
202 269 > 52
202 272 > 21
202 350 > 53
202 469 > 23
203 508 > 44
204 205 = 238
205 382 > 6
205 383 > 14
205 396 > 19
205 452 > 16
205 453 > 9
205 608 > 14
206 207 = 238
206 386 > 50
206 387 > 3
206 412 > 1
206 413 > 32
206 532 > 17
206 533 > 4
206 544 > 13
206 545 > 7
206 572 > 21
206 573 > 29
206 622 > 18
206 623 > 8
207 386 > 2
207 387 > 7
207 406 > 50
207 407 > 22
207 412 > 36
207 413 > 7
207 532 > 15
207 533 > 13
207 544 > 15
207 545 > 29
207 572 > 91
207 573 > 18
207 622 > 49
207 623 > 38
208 209 = 238
208 246 > 9
208 254 > 11
208 255 > 39
208 356 > 12
208 357 > 40
208 426 > 51
209 254 > 1
209 466 > 6
209 540 > 20
209 541 > 5
210 211 = 238
210 398 > 5
210 399 > 17
210 444 > 64
210 445 > 16
210 522 > 4
210 523 > 53
211 398 > 42
211 399 > 12
211 428 > 15
211 429 > 46
211 444 > 10
211 445 > 29
211 522 > 50
211 523 > 29
212 213 = 238
212 392 > 77
212 393 > 68
212 520 > 22
212 521 > 159
212 582 > 12
212 583 > 33
212 616 > 4
212 617 > 10
212 628 > 12
212 629 > 4
212 644 > 9
212 645 > 1
212 650 > 12
212 651 > 10
213 392 > 88
213 393 > 56
213 520 > 37
213 521 > 37
213 582 > 26
213 583 > 7
213 616 > 24
213 617 > 1
213 644 > 37
213 645 > 43
213 650 > 57
213 651 > 6
214 215 = 238
214 216 > 13
214 217 > 26
214 438 > 35
214 439 > 13
214 446 > 6
214 447 > 11
214 526 > 51
214 527 > 19
214 536 > 46
214 537 > 16
214 604 > 4
214 605 > 3
214 628 > 61
214 629 > 5
214 648 > 6
214 649 > 8
215 216 > 18
215 217 > 34
215 438 > 4
215 439 > 56
215 514 > 4
215 515 > 4
215 526 > 2
215 527 > 12
215 536 > 42
215 537 > 15
215 604 > 10
215 605 > 54
215 628 > 8
215 629 > 1
215 648 > 34
215 649 > 15
216 217 = 238
216 438 > 13
216 439 > 11
216 526 > 4
216 527 > 16
216 532 > 82
216 533 > 27
216 536 > 50
216 537 > 32
216 604 > 17
216 605 > 19
216 628 > 11
216 629 > 14
216 648 > 7
216 649 > 4
217 438 > 7
217 439 > 7
217 526 > 33
217 527 > 2
217 536 > 23
217 537 > 15
217 604 > 28
217 605 > 36
217 628 > 42
217 629 > 12
217 634 > 6
217 635 > 13
217 648 > 4
217 649 > 54
218 219 = 238
218 304 > 23
218 305 > 7
218 380 > 29
218 381 > 40
218 436 > 36
218 518 > 43
218 519 > 33
218 550 > 12
218 551 > 8
218 586 > 8
218 592 > 21
219 381 > 122
219 496 > 43
219 497 > 3
219 587 > 48
219 592 > 53
219 647 > 37
220 221 = 238
220 326 > 14
220 327 > 4
220 384 > 3
220 385 > 56
220 406 > 55
220 474 > 7
221 406 > 38
222 223 = 238
222 378 > 3
222 417 > 17
222 502 > 7
222 503 > 82
222 514 > 6
223 515 > 36
223 540 > 30
223 541 > 19
223 557 > 48
224 225 = 238
224 244 > 24
224 245 > 37
224 260 > 4
224 261 > 46
224 278 > 6
224 279 > 12
224 422 > 10
224 423 > 14
224 434 > 16
224 435 > 37
224 484 > 44
224 485 > 45
224 524 > 4
224 525 > 8
224 570 > 25
224 571 > 43
225 244 > 2
225 245 > 12
225 260 > 3
225 261 > 23
225 278 > 15
225 279 > 4
225 434 > 11
225 435 > 7
225 484 > 32
225 485 > 27
225 524 > 56
225 525 > 11
225 528 > 17
225 529 > 29
225 570 > 8
225 571 > 19
226 227 = 238
226 228 > 56
226 229 > 8
226 369 > 27
226 594 > 45
227 231 > 4
227 339 > 56
227 410 > 32
227 444 > 110
227 445 > 56
228 229 = 238
228 274 > 40
228 313 > 13
228 320 > 15
228 321 > 11
229 275 > 16
229 282 > 46
229 283 > 30
229 313 > 17
229 405 > 25
230 231 = 238
230 342 > 40
230 343 > 56
230 368 > 36
230 369 > 9
230 410 > 2
230 411 > 86
230 495 > 16
230 595 > 20
231 339 > 5
231 356 > 26
231 357 > 10
231 410 > 38
231 595 > 31
232 233 = 238
232 314 > 48
232 315 > 49
232 316 > 34
232 317 > 159
232 330 > 122
232 331 > 10
232 344 > 14
232 345 > 24
232 354 > 141
232 355 > 55
232 402 > 27
232 403 > 39
233 314 > 10
233 315 > 1
233 330 > 28
233 331 > 51
233 336 > 9
233 337 > 8
233 344 > 28
233 345 > 6
233 354 > 38
233 355 > 1
233 402 > 49
233 403 > 14
234 235 = 238
234 371 > 81
234 632 > 28
234 660 > 50
234 661 > 44
234 670 > 59
235 457 > 24
235 555 > 7
235 633 > 34
235 658 > 30
235 659 > 11
236 237 = 238
236 376 > 9
236 377 > 7
236 414 > 56
236 415 > 1
236 452 > 13
236 453 > 7
236 462 > 75
236 463 > 46
236 548 > 8
236 549 > 39
236 610 > 2
236 611 > 37
237 376 > 56
237 377 > 7
237 404 > 50
237 405 > 46
237 414 > 23
237 415 > 20
237 452 > 83
237 453 > 9
237 462 > 38
237 463 > 40
237 548 > 31
237 549 > 4
237 610 > 43
237 611 > 43
238 239 = 238
238 276 > 38
238 277 > 21
238 578 > 10
238 579 > 26
238 612 > 3
238 613 > 43
239 362 > 19
239 668 > 23
239 669 > 43
240 241 = 238
240 242 > 10
240 243 > 6
240 375 > 59
241 316 > 12
241 352 > 2
241 353 > 11
241 375 > 4
242 243 = 238
242 658 > 9
242 659 > 33
243 271 > 12
243 638 > 16
243 639 > 30
243 672 > 21
244 245 = 238
244 260 > 25
244 261 > 1
244 262 > 9
244 263 > 10
244 278 > 41
244 279 > 46
244 434 > 2
244 435 > 32
244 484 > 18
244 485 > 6
244 524 > 19
244 525 > 26
244 570 > 45
244 571 > 56
245 260 > 64
245 261 > 5
245 278 > 43
245 279 > 35
245 434 > 56
245 435 > 22
245 484 > 7
245 485 > 14
245 490 > 8
245 491 > 22
245 524 > 6
245 525 > 32
245 570 > 1
245 571 > 40
246 247 = 238
246 254 > 1
246 304 > 55
246 305 > 56
246 310 > 49
246 466 > 52
247 254 > 26
247 283 > 3
247 310 > 9
247 426 > 41
247 427 > 43
247 440 > 41
247 441 > 16
247 467 > 51
248 249 = 238
249 250 > 38
249 251 > 46
250 251 = 238
252 253 = 238
252 256 > 34
252 257 > 4
252 264 > 12
252 342 > 1
252 343 > 46
253 264 > 9
253 265 > 27
253 343 > 30
254 255 = 238
254 396 > 52
254 397 > 24
254 427 > 1
255 282 > 10
255 311 > 10
255 427 > 6
255 466 > 10
255 467 > 15
256 257 = 238
256 606 > 22
256 612 > 9
257 300 > 49
257 301 > 1
257 302 > 4
257 303 > 38
257 362 > 30
257 363 > 10
257 607 > 36
257 613 > 23
258 259 = 238
258 276 > 1
258 277 > 13
258 286 > 6
258 287 > 4
258 336 > 13
258 337 > 9
258 500 > 15
258 501 > 29
258 512 > 27
258 513 > 3
258 528 > 2
258 529 > 3
258 568 > 2
258 569 > 28
259 286 > 13
259 287 > 49
259 336 > 14
259 337 > 32
259 500 > 56
259 501 > 54
259 512 > 50
259 513 > 13
259 528 > 56
259 529 > 13
259 568 > 15
259 569 > 40
260 261 = 238
260 278 > 56
260 279 > 56
260 422 > 7
260 423 > 8
260 434 > 2
260 435 > 5
260 484 > 2
260 485 > 18
260 524 > 14
260 525 > 38
260 570 > 4
260 571 > 5
261 278 > 24
261 279 > 157
261 296 > 13
261 297 > 49
261 434 > 45
261 435 > 14
261 484 > 29
261 485 > 25
261 524 > 44
261 525 > 4
261 570 > 21
261 571 > 11
262 263 = 238
262 378 > 20
262 379 > 111
262 461 > 9
263 334 > 4
263 335 > 10
263 486 > 1
263 487 > 26
263 576 > 6
263 577 > 46
264 265 = 238
264 343 > 23
265 342 > 24
266 267 = 238
266 272 > 2
266 351 > 13
266 469 > 10
267 273 > 47
267 351 > 44
267 468 > 129
267 508 > 24
268 269 = 238
268 316 > 25
268 342 > 10
268 343 > 6
268 374 > 45
269 316 > 19
269 317 > 26
269 356 > 113
269 357 > 3
269 375 > 56
270 271 = 238
270 546 > 56
270 547 > 47
270 634 > 7
270 672 > 40
272 273 = 238
272 278 > 7
272 279 > 34
272 509 > 50
273 351 > 16
273 464 > 50
273 465 > 8
274 275 = 238
274 278 > 25
274 279 > 17
275 405 > 2
275 440 > 52
275 441 > 20
275 576 > 5
275 577 > 55
276 277 = 238
277 538 > 49
278 279 = 238
278 434 > 28
278 435 > 11
278 484 > 45
278 485 > 55
278 524 > 19
278 525 > 26
278 528 > 52
278 529 > 56
278 570 > 7
278 571 > 31
279 434 > 37
279 435 > 6
279 446 > 39
279 447 > 91
279 484 > 47
279 485 > 59
279 524 > 15
279 525 > 1
279 570 > 103
279 571 > 9
280 281 = 238
280 506 > 7
280 507 > 45
280 508 > 9
280 509 > 56
281 490 > 15
281 491 > 11
281 507 > 56
281 535 > 4
282 283 = 238
282 310 > 22
282 426 > 3
283 467 > 38
284 285 = 238
284 298 > 49
284 299 > 22
284 312 > 55
284 441 > 56
285 312 > 4
285 594 > 46
285 595 > 14
286 287 = 238
286 336 > 43
286 337 > 3
286 500 > 14
286 501 > 56
286 512 > 36
286 513 > 51
286 528 > 13
286 529 > 2
286 540 > 1
286 541 > 64
286 568 > 64
286 569 > 50
287 336 > 4
287 337 > 90
287 500 > 71
287 501 > 13
287 512 > 56
287 513 > 25
287 528 > 18
287 529 > 11
287 554 > 1
287 555 > 11
287 568 > 23
287 569 > 13
288 289 = 238
288 292 > 24
288 430 > 8
288 502 > 1
288 508 > 32
288 509 > 12
289 293 > 2
289 430 > 23
289 478 > 7
289 479 > 8
290 291 = 238
290 383 > 21
290 388 > 10
290 389 > 34
290 396 > 15
291 383 > 2
291 394 > 15
291 395 > 69
291 609 > 1
292 293 = 238
292 502 > 29
292 503 > 13
292 574 > 28
292 624 > 24
292 625 > 8
293 431 > 10
293 502 > 6
293 503 > 23
293 575 > 41
294 295 = 238
294 302 > 38
294 303 > 15
294 320 > 93
294 321 > 32
294 464 > 140
294 465 > 8
294 542 > 29
294 543 > 8
294 588 > 15
294 589 > 11
294 602 > 55
294 603 > 4
294 630 > 5
294 631 > 8
295 302 > 13
295 303 > 82
295 320 > 6
295 321 > 17
295 464 > 3
295 465 > 39
295 542 > 21
295 543 > 6
295 588 > 71
295 589 > 51
295 602 > 13
295 603 > 4
295 630 > 46
295 631 > 20
296 297 = 238
296 340 > 43
296 341 > 5
296 429 > 2
296 530 > 55
296 531 > 11
296 559 > 25
297 340 > 3
297 428 > 49
297 429 > 15
297 546 > 12
297 547 > 10
297 558 > 23
298 299 = 238
298 454 > 51
298 455 > 17
298 493 > 56
298 600 > 11
298 601 > 23
299 328 > 6
299 455 > 17
300 301 = 238
300 363 > 3
300 578 > 56
300 592 > 13
300 593 > 25
300 612 > 10
301 362 > 6
301 612 > 25
302 303 = 238
302 320 > 4
302 321 > 55
302 352 > 49
302 353 > 40
302 464 > 1
302 465 > 1
302 542 > 5
302 543 > 3
302 588 > 47
302 589 > 8
302 602 > 27
302 603 > 56
302 630 > 44
302 631 > 34
303 320 > 4
303 321 > 29
303 464 > 42
303 465 > 7
303 542 > 39
303 543 > 12
303 588 > 56
303 589 > 26
303 592 > 56
303 593 > 14
303 602 > 20
303 603 > 16
303 630 > 16
303 631 > 16
304 305 = 238
304 486 > 5
304 487 > 56
304 499 > 88
304 652 > 35
305 359 > 13
305 424 > 4
305 425 > 10
305 652 > 4
305 668 > 39
306 307 = 238
307 458 > 4
307 459 > 20
308 309 = 238
308 476 > 52
308 477 > 23
308 616 > 6
308 617 > 139
308 626 > 22
309 443 > 28
309 448 > 32
309 449 > 55
310 311 = 238
311 467 > 52
312 313 = 238
312 441 > 44
312 608 > 31
312 609 > 1
313 404 > 12
313 405 > 3
313 438 > 40
313 439 > 4
313 440 > 8
314 315 = 238
314 320 > 25
314 321 > 29
314 330 > 69
314 331 > 20
314 344 > 39
314 345 > 81
314 354 > 2
314 355 > 14
314 402 > 51
314 403 > 30
315 330 > 46
315 331 > 15
315 344 > 11
315 345 > 56
315 348 > 42
315 349 > 10
315 354 > 31
315 355 > 11
315 402 > 6
315 403 > 1
316 317 = 238
318 319 = 238
318 478 > 10
318 479 > 2
318 480 > 115
318 481 > 52
318 496 > 22
318 497 > 8
318 540 > 86
318 541 > 6
318 568 > 46
318 569 > 41
318 580 > 25
318 581 > 35
318 620 > 1
318 621 > 3
318 640 > 4
318 641 > 36
319 478 > 9
319 479 > 44
319 480 > 18
319 481 > 52
319 496 > 51
319 497 > 2
319 540 > 40
319 541 > 5
319 580 > 5
319 581 > 37
319 620 > 23
319 621 > 1
319 640 > 2
319 641 > 65
320 321 = 238
320 464 > 11
320 465 > 56
320 542 > 41
320 543 > 3
320 558 > 26
320 559 > 12
320 588 > 8
320 589 > 9
320 602 > 4
320 603 > 70
320 630 > 40
320 631 > 31
321 464 > 13
321 465 > 47
321 542 > 1
321 543 > 1
321 588 > 9
321 589 > 12
321 602 > 2
321 603 > 3
321 630 > 2
321 631 > 33
322 323 = 238
322 567 > 22
322 614 > 55
323 547 > 1
323 615 > 110
323 662 > 41
324 325 = 238
324 658 > 9
324 659 > 22
324 665 > 49
324 674 > 9
325 395 > 38
325 664 > 15
325 668 > 9
325 669 > 30
325 675 > 19
326 327 = 238
326 342 > 7
326 343 > 89
326 474 > 28
326 475 > 5
327 385 > 6
327 390 > 43
327 391 > 8
328 329 = 238
328 454 > 15
328 455 > 9
328 652 > 38
328 653 > 42
329 454 > 40
329 455 > 14
330 331 = 238
330 344 > 6
330 345 > 40
330 354 > 5
330 355 > 1
330 368 > 30
330 369 > 8
330 402 > 12
330 403 > 1
331 344 > 43
331 345 > 3
331 354 > 56
331 355 > 13
331 402 > 18
331 403 > 44
332 333 = 238
332 396 > 56
332 397 > 43
332 422 > 25
332 423 > 51
332 516 > 9
332 517 > 8
332 564 > 33
332 565 > 56
332 618 > 5
332 619 > 30
332 624 > 45
332 625 > 7
332 636 > 5
332 637 > 6
333 422 > 28
333 423 > 10
333 516 > 55
333 517 > 3
333 564 > 39
333 565 > 17
333 618 > 24
333 619 > 13
333 624 > 91
333 625 > 16
333 626 > 3
333 627 > 12
333 636 > 59
333 637 > 22
334 335 = 238
334 460 > 47
334 614 > 70
334 615 > 5
335 577 > 56
335 608 > 27
335 609 > 19
336 337 = 238
336 500 > 12
336 501 > 16
336 512 > 5
336 513 > 17
336 528 > 56
336 529 > 42
336 568 > 42
336 569 > 68
337 500 > 1
337 501 > 79
337 512 > 56
337 513 > 107
337 528 > 19
337 529 > 39
337 568 > 19
337 569 > 33
338 339 = 238
338 340 > 12
338 341 > 56
338 369 > 2
338 495 > 34
339 494 > 56
340 341 = 238
340 559 > 2
341 428 > 8
341 429 > 55
341 531 > 45
341 558 > 8
342 343 = 238
343 584 > 42
343 585 > 30
344 345 = 238
344 354 > 15
344 355 > 47
344 368 > 14
344 369 > 56
344 402 > 2
344 403 > 50
345 354 > 19
345 355 > 10
345 402 > 21
345 403 > 7
345 612 > 12
345 613 > 13
346 347 = 238
346 352 > 9
348 349 = 238
348 400 > 6
348 401 > 40
348 418 > 1
348 419 > 15
348 424 > 17
348 425 > 13
348 482 > 6
348 483 > 23
348 562 > 38
348 563 > 49
348 590 > 54
348 591 > 42
348 598 > 32
348 599 > 56
349 400 > 63
349 401 > 50
349 424 > 27
349 425 > 2
349 482 > 13
349 483 > 10
349 562 > 42
349 563 > 55
349 590 > 41
349 591 > 45
349 598 > 36
349 599 > 17
349 666 > 27
349 667 > 27
350 351 = 238
350 469 > 56
350 508 > 1
351 468 > 119
352 353 = 238
352 364 > 55
352 365 > 13
353 382 > 8
353 383 > 38
354 355 = 238
354 402 > 17
354 403 > 21
354 598 > 13
354 599 > 22
355 402 > 21
355 403 > 20
356 357 = 238
356 470 > 8
356 482 > 13
356 483 > 33
357 361 > 10
357 471 > 52
357 489 > 13
357 642 > 38
357 643 > 1
358 359 = 238
358 492 > 8
358 493 > 11
358 498 > 54
358 652 > 55
358 657 > 16
358 668 > 10
359 498 > 33
359 653 > 2
359 664 > 7
359 665 > 12
359 669 > 37
360 361 = 238
360 364 > 50
360 365 > 10
361 489 > 46
362 363 = 238
362 606 > 1
362 607 > 37
362 613 > 5
363 579 > 24
363 606 > 12
363 607 > 40
364 365 = 238
365 562 > 20
365 563 > 5
366 367 = 238
366 471 > 8
368 369 = 238
368 378 > 9
368 379 > 9
368 410 > 22
368 495 > 16
368 595 > 5
369 410 > 51
369 411 > 6
369 494 > 1
369 510 > 6
369 511 > 23
370 371 = 238
370 554 > 23
370 560 > 88
370 561 > 6
370 633 > 1
370 670 > 5
371 555 > 10
371 632 > 1
371 658 > 20
372 373 = 238
372 376 > 29
372 377 > 7
372 418 > 3
372 419 > 1
372 446 > 32
372 447 > 18
372 510 > 11
372 511 > 13
372 600 > 2
372 601 > 38
372 638 > 36
372 639 > 8
372 642 > 23
372 643 > 45
373 418 > 12
373 419 > 75
373 446 > 5
373 447 > 27
373 482 > 68
373 483 > 3
373 510 > 29
373 511 > 19
373 600 > 28
373 601 > 24
373 638 > 2
373 639 > 52
373 642 > 24
373 643 > 4
374 375 = 238
375 628 > 9
375 629 > 3
376 377 = 238
376 414 > 21
376 415 > 50
376 446 > 23
376 447 > 18
376 452 > 9
376 453 > 20
376 462 > 4
376 463 > 9
376 548 > 11
376 549 > 1
376 610 > 1
376 611 > 32
377 414 > 10
377 415 > 37
377 452 > 1
377 453 > 4
377 456 > 3
377 457 > 8
377 462 > 74
377 463 > 39
377 548 > 83
377 549 > 32
377 610 > 2
377 611 > 13
378 379 = 238
378 416 > 4
378 444 > 19
378 445 > 7
378 486 > 9
378 514 > 9
378 596 > 36
379 417 > 5
379 597 > 23
380 381 = 238
380 436 > 33
380 550 > 41
380 592 > 13
381 437 > 48
381 519 > 9
381 550 > 46
381 587 > 4
381 596 > 55
381 597 > 56
382 383 = 238
382 396 > 24
383 608 > 5
384 385 = 238
384 406 > 15
384 407 > 20
384 474 > 102
384 475 > 93
385 407 > 5
385 475 > 69
386 387 = 238
386 410 > 5
386 411 > 52
386 412 > 1
386 413 > 35
386 532 > 9
386 533 > 25
386 544 > 3
386 545 > 40
386 572 > 46
386 573 > 19
386 622 > 46
386 623 > 40
387 412 > 26
387 413 > 42
387 532 > 2
387 533 > 3
387 544 > 56
387 545 > 17
387 572 > 4
387 573 > 9
387 622 > 1
387 623 > 2
387 644 > 16
387 645 > 3
388 389 = 238
388 408 > 2
388 409 > 67
388 432 > 15
388 433 > 5
388 472 > 4
388 473 > 32
388 504 > 17
388 505 > 55
388 552 > 2
388 553 > 33
388 584 > 3
388 585 > 2
389 408 > 88
389 409 > 1
389 428 > 11
389 429 > 1
389 432 > 4
389 433 > 27
389 472 > 13
389 473 > 10
389 504 > 13
389 505 > 51
389 552 > 56
389 553 > 49
389 584 > 9
389 585 > 43
390 391 = 238
390 510 > 1
390 511 > 28
391 490 > 3
391 535 > 15
392 393 = 238
392 520 > 4
392 521 > 31
392 524 > 9
392 525 > 2
392 582 > 12
392 583 > 51
392 616 > 22
392 617 > 56
392 644 > 15
392 645 > 43
392 650 > 35
392 651 > 1
393 520 > 1
393 521 > 56
393 526 > 17
393 527 > 6
393 582 > 1
393 583 > 23
393 616 > 7
393 617 > 8
393 644 > 1
393 645 > 7
393 650 > 33
393 651 > 58
394 395 = 238
394 664 > 30
394 665 > 6
394 674 > 61
394 675 > 20
394 676 > 12
394 677 > 21
395 664 > 43
396 397 = 238
396 609 > 18
397 608 > 10
397 609 > 23
398 399 = 238
398 444 > 2
398 445 > 38
398 522 > 30
398 523 > 12
399 444 > 20
399 445 > 10
399 504 > 5
399 505 > 24
399 522 > 12
399 523 > 4
400 401 = 238
400 424 > 92
400 425 > 50
400 482 > 41
400 483 > 10
400 540 > 3
400 541 > 5
400 562 > 9
400 563 > 10
400 590 > 52
400 591 > 28
400 598 > 6
400 599 > 17
401 424 > 2
401 425 > 46
401 482 > 28
401 483 > 1
401 562 > 48
401 563 > 51
401 590 > 51
401 591 > 56
401 598 > 8
401 599 > 27
402 403 = 238
403 604 > 3
403 605 > 24
404 405 = 238
406 407 = 238
407 584 > 5
407 585 > 33
408 409 = 238
408 432 > 1
408 433 > 8
408 472 > 76
408 473 > 1
408 504 > 30
408 505 > 11
408 552 > 3
408 553 > 31
408 584 > 40
408 585 > 83
409 432 > 44
409 433 > 5
409 472 > 77
409 473 > 7
409 486 > 47
409 487 > 32
409 504 > 45
409 505 > 23
409 552 > 14
409 553 > 5
409 584 > 64
409 585 > 35
410 411 = 238
410 594 > 4
411 595 > 2
411 604 > 25
411 605 > 2
412 413 = 238
412 532 > 9
412 533 > 30
412 544 > 4
412 545 > 33
412 558 > 7
412 559 > 41
412 572 > 56
412 573 > 32
412 622 > 26
412 623 > 6
413 532 > 1
413 533 > 3
413 544 > 7
413 545 > 45
413 572 > 8
413 573 > 31
413 622 > 40
413 623 > 81
414 415 = 238
414 452 > 29
414 453 > 11
414 462 > 16
414 463 > 25
414 498 > 1
414 499 > 52
414 548 > 10
414 549 > 14
414 610 > 25
414 611 > 23
415 452 > 56
415 453 > 53
415 462 > 6
415 463 > 2
415 548 > 15
415 549 > 5
415 610 > 56
415 611 > 19
416 417 = 238
416 487 > 3
416 556 > 79
416 594 > 5
416 595 > 1
417 486 > 11
417 487 > 17
417 557 > 29
417 594 > 41
417 595 > 68
418 419 = 238
418 446 > 81
418 447 > 56
418 510 > 1
418 511 > 36
418 526 > 59
418 527 > 7
418 600 > 12
418 601 > 21
418 638 > 20
418 639 > 13
418 642 > 14
418 643 > 34
419 446 > 30
419 447 > 14
419 510 > 36
419 511 > 11
419 600 > 9
419 601 > 6
419 604 > 44
419 605 > 13
419 638 > 7
419 639 > 3
419 642 > 86
419 643 > 31
420 421 = 238
420 452 > 12
420 453 > 67
421 450 > 24
421 458 > 4
421 459 > 14
421 461 > 50
421 576 > 53
421 577 > 7
422 423 = 238
422 516 > 12
422 517 > 16
422 564 > 27
422 565 > 15
422 618 > 56
422 619 > 9
422 624 > 39
422 625 > 34
422 636 > 14
422 637 > 35
423 516 > 13
423 517 > 55
423 564 > 17
423 565 > 42
423 618 > 12
423 619 > 56
423 624 > 26
423 625 > 31
423 636 > 3
423 637 > 40
424 425 = 238
424 482 > 12
424 483 > 4
424 504 > 28
424 505 > 11
424 562 > 3
424 563 > 56
424 590 > 3
424 591 > 33
424 598 > 37
424 599 > 37
425 482 > 51
425 483 > 22
425 562 > 8
425 563 > 3
425 590 > 8
425 591 > 17
425 598 > 76
425 599 > 11
426 427 = 238
427 466 > 10
427 668 > 56
427 669 > 31
428 429 = 238
428 530 > 35
428 558 > 3
429 542 > 7
429 543 > 56
429 558 > 9
429 559 > 8
430 431 = 238
430 472 > 2
430 473 > 3
430 503 > 45
431 503 > 10
431 574 > 24
432 433 = 238
432 472 > 61
432 473 > 38
432 504 > 8
432 505 > 15
432 552 > 2
432 553 > 9
432 584 > 32
432 585 > 30
433 472 > 19
433 473 > 56
433 490 > 1
433 491 > 34
433 504 > 61
433 505 > 27
433 552 > 13
433 553 > 11
433 584 > 17
433 585 > 6
434 435 = 238
434 484 > 4
434 485 > 43
434 524 > 17
434 525 > 4
434 570 > 32
434 571 > 11
435 484 > 15
435 485 > 38
435 524 > 85
435 525 > 54
435 570 > 29
435 571 > 5
436 437 = 238
436 519 > 23
436 586 > 5
436 646 > 13
437 522 > 67
437 523 > 52
437 550 > 56
437 593 > 8
438 439 = 238
438 524 > 19
438 525 > 62
438 526 > 8
438 527 > 12
438 536 > 15
438 537 > 119
438 604 > 5
438 605 > 51
438 628 > 25
438 629 > 53
438 648 > 68
438 649 > 81
439 526 > 28
439 527 > 1
439 536 > 1
439 537 > 11
439 604 > 6
439 605 > 6
439 616 > 55
439 617 > 52
439 628 > 52
439 629 > 14
439 648 > 1
439 649 > 38
440 441 = 238
441 634 > 23
441 635 > 3
442 443 = 238
443 448 > 13
443 472 > 33
443 473 > 10
443 476 > 3
443 560 > 11
443 627 > 9
443 666 > 20
444 445 = 238
444 522 > 6
444 523 > 8
445 522 > 52
445 523 > 56
445 638 > 52
445 639 > 56
446 447 = 238
446 510 > 53
446 511 > 5
446 600 > 37
446 601 > 39
446 638 > 56
446 639 > 43
446 640 > 18
446 641 > 24
446 642 > 4
446 643 > 9
447 510 > 38
447 511 > 39
447 600 > 50
447 601 > 26
447 638 > 22
447 639 > 25
447 642 > 3
447 643 > 16
448 449 = 238
448 476 > 22
448 510 > 29
448 511 > 6
448 560 > 50
448 561 > 45
448 626 > 9
448 667 > 16
449 667 > 16
450 451 = 238
450 454 > 6
450 455 > 100
450 460 > 49
450 461 > 4
450 577 > 26
452 453 = 238
452 462 > 4
452 463 > 10
452 548 > 10
452 549 > 55
452 610 > 38
452 611 > 28
452 672 > 33
452 673 > 142
453 462 > 27
453 463 > 5
453 548 > 29
453 549 > 6
453 610 > 9
453 611 > 10
454 455 = 238
454 493 > 32
455 493 > 1
456 457 = 238
456 555 > 1
456 658 > 5
457 578 > 48
457 579 > 13
458 459 = 238
458 546 > 52
458 660 > 9
459 547 > 36
459 566 > 47
459 614 > 52
459 663 > 26
460 461 = 238
460 524 > 7
460 525 > 22
460 576 > 12
461 576 > 45
461 616 > 25
461 617 > 33
462 463 = 238
462 548 > 4
462 549 > 4
462 610 > 1
462 611 > 15
463 548 > 1
463 549 > 14
463 610 > 25
463 611 > 5
463 616 > 44
463 617 > 107
464 465 = 238
464 496 > 9
464 497 > 11
464 542 > 4
464 543 > 13
464 588 > 31
464 589 > 54
464 602 > 1
464 603 > 39
464 630 > 10
464 631 > 7
465 542 > 48
465 543 > 4
465 550 > 7
465 551 > 2
465 588 > 36
465 589 > 28
465 602 > 4
465 603 > 12
465 630 > 33
465 631 > 4
466 467 = 238
466 578 > 18
466 579 > 7
467 642 > 30
467 643 > 28
468 469 = 238
468 494 > 13
468 495 > 47
470 471 = 238
470 489 > 39
472 473 = 238
472 504 > 26
472 505 > 6
472 550 > 2
472 551 > 45
472 552 > 7
472 553 > 105
472 584 > 54
472 585 > 4
473 504 > 72
473 505 > 89
473 552 > 26
473 553 > 19
473 584 > 10
473 585 > 9
473 594 > 12
473 595 > 51
474 475 = 238
475 588 > 16
475 589 > 33
476 477 = 238
476 660 > 4
476 661 > 22
476 666 > 5
477 561 > 37
477 666 > 7
478 479 = 238
478 480 > 30
478 481 > 58
478 490 > 3
478 491 > 17
478 496 > 7
478 497 > 47
478 540 > 5
478 541 > 1
478 580 > 9
478 581 > 9
478 620 > 41
478 621 > 1
478 640 > 5
478 641 > 4
479 480 > 51
479 481 > 15
479 496 > 32
479 497 > 36
479 540 > 56
479 541 > 8
479 580 > 5
479 581 > 8
479 620 > 12
479 621 > 33
479 640 > 1
479 641 > 5
480 481 = 238
480 496 > 36
480 497 > 1
480 540 > 4
480 541 > 5
480 580 > 7
480 581 > 13
480 596 > 57
480 597 > 6
480 620 > 34
480 621 > 8
480 640 > 56
480 641 > 18
481 496 > 15
481 497 > 2
481 512 > 56
481 513 > 6
481 540 > 55
481 541 > 10
481 580 > 12
481 581 > 8
481 620 > 5
481 621 > 12
481 640 > 131
481 641 > 10
482 483 = 238
482 562 > 40
482 563 > 38
482 586 > 64
482 587 > 38
482 590 > 2
482 591 > 23
482 598 > 6
482 599 > 4
483 562 > 56
483 563 > 26
483 590 > 5
483 591 > 5
483 596 > 56
483 597 > 56
483 598 > 48
483 599 > 40
484 485 = 238
484 524 > 37
484 525 > 19
484 570 > 5
484 571 > 52
485 524 > 15
485 525 > 32
485 570 > 17
485 571 > 23
486 487 = 238
486 514 > 58
486 582 > 22
486 583 > 56
486 597 > 17
487 515 > 6
487 557 > 24
487 566 > 14
487 567 > 55
488 489 = 238
489 578 > 6
489 579 > 56
490 491 = 238
491 534 > 45
491 674 > 62
491 675 > 47
492 493 = 238
493 654 > 15
493 655 > 15
494 495 = 238
496 497 = 238
496 540 > 23
496 541 > 44
496 544 > 7
496 545 > 49
496 580 > 8
496 581 > 10
496 620 > 50
496 621 > 6
496 640 > 56
496 641 > 13
497 540 > 21
497 541 > 5
497 580 > 43
497 581 > 3
497 620 > 52
497 621 > 11
497 626 > 14
497 627 > 139
497 640 > 54
497 641 > 4
498 499 = 238
498 653 > 7
498 668 > 52
498 676 > 21
498 677 > 19
499 652 > 50
499 669 > 42
500 501 = 238
500 512 > 29
500 513 > 15
500 528 > 39
500 529 > 22
500 568 > 14
500 569 > 53
501 512 > 31
501 513 > 15
501 528 > 9
501 529 > 44
501 568 > 52
501 569 > 24
502 503 = 238
502 574 > 2
502 650 > 2
502 651 > 1
504 505 = 238
504 552 > 54
504 553 > 50
504 584 > 22
504 585 > 3
505 552 > 26
505 553 > 104
505 584 > 5
505 585 > 1
505 660 > 44
505 661 > 2
506 507 = 238
507 534 > 53
507 535 > 28
508 509 = 238
509 538 > 5
509 539 > 18
510 511 = 238
510 518 > 12
510 519 > 12
510 600 > 56
510 601 > 27
510 638 > 44
510 639 > 38
510 642 > 57
510 643 > 63
511 600 > 32
511 601 > 31
511 638 > 124
511 639 > 56
511 642 > 40
511 643 > 18
512 513 = 238
512 528 > 14
512 529 > 14
512 568 > 12
512 569 > 16
513 528 > 34
513 529 > 3
513 548 > 7
513 549 > 14
513 568 > 12
513 569 > 13
514 515 = 238
514 596 > 10
515 556 > 50
515 597 > 15
516 517 = 238
516 564 > 34
516 565 > 3
516 618 > 75
516 619 > 23
516 624 > 3
516 625 > 2
516 636 > 38
516 637 > 29
516 654 > 5
516 655 > 33
517 564 > 10
517 565 > 18
517 618 > 10
517 619 > 30
517 624 > 46
517 625 > 13
517 626 > 27
517 627 > 51
517 636 > 29
517 637 > 55
518 519 = 238
518 592 > 8
518 647 > 31
518 664 > 28
518 665 > 26
519 550 > 1
519 647 > 12
520 521 = 238
520 582 > 10
520 583 > 53
520 616 > 15
520 617 > 50
520 618 > 46
520 619 > 22
520 644 > 24
520 645 > 56
520 650 > 49
520 651 > 46
521 582 > 6
521 583 > 21
521 616 > 25
521 617 > 38
521 644 > 93
521 645 > 24
521 646 > 8
521 647 > 36
521 650 > 44
521 651 > 11
522 523 = 238
523 528 > 10
523 529 > 10
524 525 = 238
524 570 > 6
524 571 > 1
525 570 > 12
525 571 > 2
526 527 = 238
526 536 > 1
526 537 > 8
526 604 > 1
526 605 > 46
526 628 > 18
526 629 > 34
526 648 > 29
526 649 > 14
527 536 > 20
527 537 > 17
527 604 > 56
527 605 > 31
527 620 > 52
527 621 > 44
527 628 > 3
527 629 > 50
527 648 > 51
527 649 > 16
528 529 = 238
528 568 > 1
528 569 > 48
529 568 > 49
529 569 > 73
530 531 = 238
530 558 > 7
532 533 = 238
532 544 > 31
532 545 > 6
532 572 > 9
532 573 > 13
532 622 > 9
532 623 > 31
533 544 > 34
533 545 > 5
533 572 > 2
533 573 > 24
533 614 > 18
533 615 > 2
533 622 > 8
533 623 > 47
534 535 = 238
535 614 > 5
535 615 > 9
536 537 = 238
536 604 > 31
536 605 > 4
536 614 > 150
536 615 > 6
536 628 > 5
536 629 > 21
536 648 > 56
536 649 > 52
537 604 > 2
537 605 > 14
537 628 > 4
537 629 > 36
537 648 > 50
537 649 > 9
538 539 = 238
539 618 > 2
539 619 > 1
540 541 = 238
540 580 > 5
540 581 > 51
540 620 > 3
540 621 > 2
540 640 > 3
540 641 > 24
540 646 > 13
540 647 > 20
541 580 > 2
541 581 > 9
541 620 > 6
541 621 > 12
541 640 > 13
541 641 > 11
542 543 = 238
542 588 > 26
542 589 > 8
542 602 > 19
542 603 > 25
542 630 > 52
542 631 > 48
542 674 > 5
542 675 > 1
543 588 > 20
543 589 > 15
543 602 > 13
543 603 > 102
543 630 > 60
543 631 > 6
544 545 = 238
544 568 > 29
544 569 > 3
544 572 > 30
544 573 > 12
544 622 > 24
544 623 > 15
545 572 > 4
545 573 > 19
545 622 > 21
545 623 > 26
546 547 = 238
547 644 > 56
547 645 > 32
547 660 > 12
547 661 > 55
548 549 = 238
548 610 > 1
548 611 > 30
549 610 > 19
549 611 > 2
550 551 = 238
550 593 > 32
551 586 > 30
551 592 > 15
552 553 = 238
552 584 > 23
552 585 > 27
553 584 > 13
553 585 > 56
554 555 = 238
554 672 > 47
554 673 > 1
555 656 > 43
555 657 > 40
556 557 = 238
556 588 > 57
556 589 > 32
556 596 > 9
556 597 > 13
558 559 = 238
559 586 > 16
559 587 > 9
560 561 = 238
560 627 > 6
560 667 > 5
561 626 > 24
561 666 > 56
561 667 > 6
562 563 = 238
562 590 > 12
562 591 > 28
562 598 > 23
562 599 > 8
562 634 > 3
562 635 > 9
563 590 > 3
563 591 > 3
563 596 > 56
563 597 > 51
563 598 > 37
563 599 > 8
564 565 = 238
564 618 > 21
564 619 > 56
564 624 > 2
564 625 > 12
564 636 > 9
564 637 > 50
565 618 > 17
565 619 > 16
565 624 > 29
565 625 > 19
565 634 > 8
565 635 > 56
565 636 > 110
565 637 > 56
566 567 = 238
566 614 > 44
566 615 > 16
567 615 > 33
567 661 > 6
567 663 > 2
568 569 = 238
569 674 > 3
569 675 > 5
570 571 = 238
571 600 > 3
571 601 > 44
572 573 = 238
572 622 > 8
572 623 > 22
573 622 > 10
573 623 > 56
574 575 = 238
574 642 > 33
574 643 > 7
575 576 > 29
575 577 > 24
576 577 = 238
576 616 > 24
576 617 > 51
577 652 > 6
577 653 > 42
578 579 = 238
578 596 > 5
578 597 > 10
578 606 > 7
578 607 > 15
578 612 > 7
580 581 = 238
580 620 > 4
580 621 > 41
580 640 > 27
580 641 > 7
581 620 > 6
581 621 > 16
581 634 > 97
581 635 > 18
581 640 > 47
581 641 > 17
582 583 = 238
582 586 > 2
582 587 > 9
582 616 > 2
582 617 > 39
582 644 > 5
582 645 > 2
582 650 > 8
582 651 > 3
583 616 > 26
583 617 > 14
583 644 > 16
583 645 > 48
583 650 > 40
583 651 > 1
584 585 = 238
585 586 > 53
585 587 > 113
586 587 = 238
586 646 > 26
587 592 > 33
587 666 > 5
587 667 > 7
588 589 = 238
588 602 > 25
588 603 > 10
588 630 > 17
588 631 > 4
588 656 > 13
588 657 > 38
589 602 > 24
589 603 > 14
589 630 > 33
589 631 > 1
589 668 > 34
589 669 > 44
590 591 = 238
590 592 > 30
590 593 > 34
590 598 > 30
590 599 > 27
591 598 > 48
591 599 > 4
591 626 > 50
591 627 > 12
592 593 = 238
592 647 > 42
593 646 > 7
594 595 = 238
594 632 > 4
594 633 > 5
595 638 > 30
595 639 > 11
596 597 = 238
597 606 > 28
597 607 > 47
598 599 = 238
599 634 > 56
599 635 > 36
600 601 = 238
600 638 > 13
600 639 > 43
600 642 > 8
600 643 > 18
601 638 > 14
601 639 > 10
601 642 > 8
601 643 > 39
601 652 > 43
601 653 > 45
602 603 = 238
602 606 > 1
602 607 > 15
602 630 > 7
602 631 > 7
603 630 > 7
603 631 > 46
604 605 = 238
604 628 > 10
604 629 > 38
604 642 > 6
604 643 > 48
604 648 > 15
604 649 > 15
605 628 > 34
605 629 > 8
605 648 > 7
605 649 > 38
606 607 = 238
608 609 = 238
609 626 > 52
609 627 > 50
610 611 = 238
611 638 > 26
611 639 > 14
612 613 = 238
613 678 > 16
613 679 > 7
614 615 = 238
614 626 > 18
614 627 > 152
614 662 > 47
614 663 > 26
615 660 > 44
615 661 > 7
615 663 > 28
616 617 = 238
616 644 > 56
616 645 > 14
616 650 > 4
616 651 > 13
617 644 > 17
617 645 > 1
617 650 > 11
617 651 > 40
618 619 = 238
618 622 > 5
618 623 > 2
618 624 > 46
618 625 > 15
618 636 > 20
618 637 > 35
619 624 > 42
619 625 > 32
619 636 > 41
619 637 > 22
620 621 = 238
620 640 > 21
620 641 > 52
621 640 > 17
621 641 > 33
621 654 > 3
621 655 > 56
622 623 = 238
623 650 > 56
623 651 > 3
624 625 = 238
624 634 > 36
624 635 > 5
624 636 > 10
624 637 > 17
625 636 > 30
625 637 > 52
625 664 > 2
625 665 > 18
626 627 = 238
626 666 > 30
628 629 = 238
628 646 > 32
628 647 > 24
628 648 > 1
628 649 > 27
629 648 > 29
629 649 > 32
630 631 = 238
631 652 > 18
631 653 > 46
632 633 = 238
632 658 > 14
632 659 > 28
632 660 > 9
632 661 > 69
632 670 > 4
633 658 > 4
633 659 > 3
634 635 = 238
634 674 > 33
634 675 > 38
636 637 = 238
636 670 > 18
636 671 > 15
637 660 > 44
637 661 > 15
638 639 = 238
638 640 > 49
638 641 > 34
638 642 > 42
638 643 > 33
639 642 > 60
639 643 > 44
640 641 = 238
641 674 > 2
641 675 > 22
642 643 = 238
643 676 > 62
643 677 > 14
644 645 = 238
644 650 > 47
644 651 > 34
645 650 > 16
645 651 > 56
646 647 = 238
647 660 > 14
647 661 > 10
648 649 = 238
648 656 > 22
648 657 > 9
649 676 > 14
649 677 > 12
650 651 = 238
651 660 > 33
651 661 > 36
652 653 = 238
652 657 > 56
653 669 > 5
653 676 > 105
653 677 > 10
654 655 = 238
654 676 > 3
654 677 > 1
654 678 > 11
654 679 > 13
655 678 > 29
655 679 > 5
656 657 = 238
656 669 > 20
657 670 > 1
657 671 > 27
658 659 = 238
658 671 > 2
659 670 > 27
659 672 > 28
659 673 > 46
660 661 = 238
661 663 > 12
661 672 > 25
661 673 > 28
662 663 = 238
662 664 > 2
662 665 > 7
663 666 > 7
663 667 > 10
664 665 = 238
665 674 > 1
666 667 = 238
667 674 > 48
667 675 > 18
668 669 = 238
669 674 > 14
669 675 > 5
670 671 = 238
671 676 > 15
671 677 > 1
672 673 = 238
673 676 > 31
673 677 > 27
674 675 = 238
675 676 > 54
675 677 > 39
676 677 = 238
677 678 > 2
677 679 > 29
678 679 = 238
