916
0 0
1 0
2 0
3 0
4 1
5 1
6 0
7 0
8 0
9 0
10 0
11 0
12 0
13 0
14 0
15 0
16 0
17 0
18 0
19 0
20 0
21 0
22 2
23 2
24 0
25 0
26 0
27 0
28 0
29 0
30 0
31 0
32 0
33 0
34 0
35 0
36 0
37 0
38 0
39 0
40 0
41 0
42 0
43 0
44 0
45 0
46 0
47 0
48 0
49 0
50 0
51 0
52 0
53 0
54 0
55 0
56 0
57 0
58 3
59 3
60 3
61 3
62 0
63 0
64 3
65 3
66 3
67 3
68 0
69 0
70 0
71 0
72 0
73 0
74 0
75 0
76 0
77 0
78 3
79 3
80 0
81 0
82 3
83 3
84 0
85 0
86 0
87 0
88 0
89 0
90 0
91 0
92 0
93 0
94 0
95 0
96 3
97 3
98 3
99 3
100 0
101 0
102 0
103 0
104 0
105 0
106 0
107 0
108 0
109 0
110 0
111 0
112 0
113 0
114 0
115 0
116 0
117 0
118 0
119 0
120 3
121 3
122 0
123 0
124 3
125 3
126 0
127 0
128 0
129 0
130 0
131 0
132 0
133 0
134 0
135 0
136 3
137 3
138 0
139 0
140 0
141 0
142 0
143 0
144 0
145 0
146 0
147 0
148 3
149 3
150 0
151 0
152 3
153 3
154 0
155 0
156 3
157 3
158 0
159 0
160 3
161 3
162 3
163 3
164 0
165 0
166 0
167 0
168 0
169 0
170 3
171 3
172 0
173 0
174 3
175 3
176 3
177 3
178 0
179 0
180 3
181 3
182 0
183 0
184 0
185 0
186 0
187 0
188 3
189 3
190 0
191 0
192 3
193 3
194 0
195 0
196 0
197 0
198 0
199 0
200 4
201 4
202 0
203 0
204 0
205 0
206 0
207 0
208 3
209 3
210 0
211 0
212 3
213 3
214 0
215 0
216 0
217 0
218 0
219 0
220 0
221 0
222 0
223 0
224 3
225 3
226 0
227 0
228 3
229 3
230 0
231 0
232 3
233 3
234 0
235 0
236 3
237 3
238 0
239 0
240 0
241 0
242 0
243 0
244 0
245 0
246 0
247 0
248 0
249 0
250 0
251 0
252 0
253 0
254 0
255 0
256 3
257 3
258 0
259 0
260 3
261 3
262 0
263 0
264 3
265 3
266 3
267 3
268 3
269 3
270 0
271 0
272 0
273 0
274 3
275 3
276 0
277 0
278 0
279 0
280 0
281 0
282 0
283 0
284 3
285 3
286 0
287 0
288 0
289 0
290 0
291 0
292 3
293 3
294 3
295 3
296 0
297 0
298 3
299 3
300 0
301 0
302 4
303 4
304 3
305 3
306 0
307 0
308 0
309 0
310 3
311 3
312 0
313 0
314 0
315 0
316 3
317 3
318 0
319 0
320 3
321 3
322 4
323 4
324 3
325 3
326 3
327 3
328 3
329 3
330 3
331 3
332 0
333 0
334 3
335 3
336 0
337 0
338 0
339 0
340 3
341 3
342 0
343 0
344 0
345 0
346 0
347 0
348 0
349 0
350 0
351 0
352 0
353 0
354 3
355 3
356 3
357 3
358 0
359 0
360 3
361 3
362 0
363 0
364 3
365 3
366 0
367 0
368 0
369 0
370 0
371 0
372 0
373 0
374 3
375 3
376 3
377 3
378 0
379 0
380 0
381 0
382 3
383 3
384 3
385 3
386 3
387 3
388 3
389 3
390 0
391 0
392 3
393 3
394 0
395 0
396 0
397 0
398 0
399 0
400 0
401 0
402 0
403 0
404 3
405 3
406 0
407 0
408 3
409 3
410 3
411 3
412 4
413 4
414 3
415 3
416 0
417 0
418 3
419 3
420 0
421 0
422 0
423 0
424 0
425 0
426 3
427 3
428 3
429 3
430 3
431 3
432 3
433 3
434 0
435 0
436 3
437 3
438 0
439 0
440 3
441 3
442 3
443 3
444 3
445 3
446 3
447 3
448 0
449 0
450 0
451 0
452 0
453 0
454 3
455 3
456 3
457 3
458 0
459 0
460 3
461 3
462 0
463 0
464 0
465 0
466 3
467 3
468 3
469 3
470 3
471 3
472 0
473 0
474 3
475 3
476 3
477 3
478 3
479 3
480 0
481 0
482 3
483 3
484 0
485 0
486 0
487 0
488 3
489 3
490 3
491 3
492 3
493 3
494 3
495 3
496 3
497 3
498 3
499 3
500 0
501 0
502 3
503 3
504 3
505 3
506 0
507 0
508 0
509 0
510 0
511 0
512 0
513 0
514 3
515 3
516 0
517 0
518 0
519 0
520 0
521 0
522 3
523 3
524 0
525 0
526 0
527 0
528 0
529 0
530 0
531 0
532 3
533 3
534 0
535 0
536 3
537 3
538 3
539 3
540 3
541 3
542 3
543 3
544 3
545 3
546 0
547 0
548 3
549 3
550 3
551 3
552 3
553 3
554 0
555 0
556 3
557 3
558 0
559 0
560 3
561 3
562 0
563 0
564 3
565 3
566 3
567 3
568 3
569 3
570 0
571 0
572 3
573 3
574 0
575 0
576 3
577 3
578 0
579 0
580 3
581 3
582 3
583 3
584 0
585 0
586 3
587 3
588 0
589 0
590 3
591 3
592 3
593 3
594 3
595 3
596 0
597 0
598 3
599 3
600 3
601 3
602 0
603 0
604 0
605 0
606 0
607 0
608 0
609 0
610 0
611 0
612 3
613 3
614 3
615 3
616 0
617 0
618 3
619 3
620 3
621 3
622 0
623 0
624 0
625 0
626 3
627 3
628 0
629 0
630 0
631 0
632 3
633 3
634 3
635 3
636 3
637 3
638 3
639 3
640 0
641 0
642 0
643 0
644 0
645 0
646 0
647 0
648 4
649 4
650 0
651 0
652 0
653 0
654 0
655 0
656 0
657 0
658 3
659 3
660 3
661 3
662 0
663 0
664 3
665 3
666 0
667 0
668 4
669 4
670 3
671 3
672 0
673 0
674 3
675 3
676 4
677 4
678 3
679 3
680 3
681 3
682 3
683 3
684 0
685 0
686 0
687 0
688 0
689 0
690 3
691 3
692 3
693 3
694 3
695 3
696 0
697 0
698 4
699 4
700 0
701 0
702 3
703 3
704 3
705 3
706 3
707 3
708 0
709 0
710 3
711 3
712 3
713 3
714 3
715 3
716 3
717 3
718 3
719 3
720 3
721 3
722 3
723 3
724 4
725 4
726 0
727 0
728 0
729 0
730 0
731 0
732 0
733 0
734 3
735 3
736 3
737 3
738 0
739 0
740 3
741 3
742 3
743 3
744 0
745 0
746 3
747 3
748 3
749 3
750 3
751 3
752 4
753 4
754 3
755 3
756 0
757 0
758 3
759 3
760 3
761 3
762 3
763 3
764 0
765 0
766 3
767 3
768 0
769 0
770 3
771 3
772 3
773 3
774 0
775 0
776 3
777 3
778 3
779 3
780 3
781 3
782 0
783 0
784 3
785 3
786 3
787 3
788 4
789 4
790 3
791 3
792 0
793 0
794 0
795 0
796 3
797 3
798 3
799 3
800 3
801 3
802 3
803 3
804 3
805 3
806 3
807 3
808 3
809 3
810 3
811 3
812 3
813 3
814 3
815 3
816 3
817 3
818 3
819 3
820 3
821 3
822 0
823 0
824 3
825 3
826 3
827 3
828 3
829 3
830 3
831 3
832 3
833 3
834 3
835 3
836 3
837 3
838 0
839 0
840 3
841 3
842 3
843 3
844 3
845 3
846 0
847 0
848 3
849 3
850 3
851 3
852 0
853 0
854 3
855 3
856 0
857 0
858 3
859 3
860 3
861 3
862 3
863 3
864 0
865 0
866 0
867 0
868 3
869 3
870 4
871 4
872 0
873 0
874 3
875 3
876 3
877 3
878 3
879 3
880 3
881 3
882 3
883 3
884 3
885 3
886 3
887 3
888 3
889 3
890 4
891 4
892 3
893 3
894 3
895 3
896 0
897 0
898 3
899 3
900 3
901 3
902 3
903 3
904 0
905 0
906 3
907 3
908 0
909 0
910 3
911 3
912 0
913 0
914 3
915 3
