680
0 0
1 0
2 1
3 1
4 2
5 2
6 0
7 0
8 0
9 0
10 3
11 3
12 3
13 3
14 2
15 2
16 2
17 2
18 4
19 4
20 1
21 1
22 0
23 0
24 0
25 0
26 0
27 0
28 1
29 1
30 4
31 4
32 2
33 2
34 5
35 5
36 3
37 3
38 6
39 6
40 4
41 4
42 2
43 2
44 2
45 2
46 6
47 6
48 0
49 0
50 3
51 3
52 2
53 2
54 5
55 5
56 1
57 1
58 1
59 1
60 2
61 2
62 2
63 2
64 2
65 2
66 2
67 2
68 2
69 2
70 5
71 5
72 2
73 2
74 2
75 2
76 2
77 2
78 2
79 2
80 1
81 1
82 2
83 2
84 2
85 2
86 5
87 5
88 2
89 2
90 2
91 2
92 5
93 5
94 5
95 5
96 2
97 2
98 2
99 2
100 2
101 2
102 1
103 1
104 1
105 1
106 2
107 2
108 2
109 2
110 5
111 5
112 2
113 2
114 2
115 2
116 3
117 3
118 2
119 2
120 5
121 5
122 2
123 2
124 2
125 2
126 5
127 5
128 3
129 3
130 2
131 2
132 6
133 6
134 1
135 1
136 3
137 3
138 5
139 5
140 0
141 0
142 2
143 2
144 1
145 1
146 5
147 5
148 6
149 6
150 1
151 1
152 6
153 6
154 1
155 1
156 2
157 2
158 1
159 1
160 5
161 5
162 2
163 2
164 2
165 2
166 2
167 2
168 1
169 1
170 1
171 1
172 2
173 2
174 5
175 5
176 1
177 1
178 1
179 1
180 2
181 2
182 2
183 2
184 2
185 2
186 5
187 5
188 2
189 2
190 1
191 1
192 2
193 2
194 2
195 2
196 2
197 2
198 1
199 1
200 4
201 4
202 5
203 5
204 4
205 4
206 5
207 5
208 2
209 2
210 5
211 5
212 4
213 4
214 5
215 5
216 2
217 2
218 1
219 1
220 1
221 1
222 1
223 1
224 1
225 1
226 1
227 1
228 5
229 5
230 2
231 2
232 1
233 1
234 2
235 2
236 5
237 5
238 1
239 1
240 5
241 5
242 6
243 6
244 2
245 2
246 2
247 2
248 1
249 1
250 2
251 2
252 3
253 3
254 2
255 2
256 1
257 1
258 5
259 5
260 5
261 5
262 1
263 1
264 5
265 5
266 5
267 5
268 1
269 1
270 2
271 2
272 2
273 2
274 2
275 2
276 5
277 5
278 1
279 1
280 2
281 2
282 1
283 1
284 2
285 2
286 2
287 2
288 5
289 5
290 1
291 1
292 2
293 2
294 1
295 1
296 2
297 2
298 1
299 1
300 4
301 4
302 2
303 2
304 2
305 2
306 2
307 2
308 1
309 1
310 1
311 1
312 3
313 3
314 2
315 2
316 2
317 2
318 3
319 3
320 6
321 6
322 2
323 2
324 1
325 1
326 1
327 1
328 0
329 0
330 3
331 3
332 1
333 1
334 2
335 2
336 3
337 3
338 5
339 5
340 2
341 2
342 3
343 3
344 5
345 5
346 1
347 1
348 1
349 1
350 2
351 2
352 1
353 1
354 2
355 2
356 1
357 1
358 3
359 3
360 5
361 5
362 1
363 1
364 6
365 6
366 2
367 2
368 5
369 5
370 3
371 3
372 3
373 3
374 2
375 2
376 5
377 5
378 2
379 2
380 5
381 5
382 2
383 2
384 2
385 2
386 2
387 2
388 2
389 2
390 5
391 5
392 2
393 2
394 0
395 0
396 5
397 5
398 1
399 1
400 6
401 6
402 5
403 5
404 2
405 2
406 2
407 2
408 0
409 0
410 2
411 2
412 2
413 2
414 1
415 1
416 1
417 1
418 2
419 2
420 3
421 3
422 2
423 2
424 1
425 1
426 2
427 2
428 1
429 1
430 2
431 2
432 5
433 5
434 2
435 2
436 2
437 2
438 2
439 2
440 5
441 5
442 2
443 2
444 2
445 2
446 1
447 1
448 2
449 2
450 1
451 1
452 2
453 2
454 1
455 1
456 5
457 5
458 1
459 1
460 5
461 5
462 2
463 2
464 1
465 1
466 1
467 1
468 2
469 2
470 5
471 5
472 3
473 3
474 5
475 5
476 3
477 3
478 2
479 2
480 2
481 2
482 1
483 1
484 1
485 1
486 5
487 5
488 5
489 5
490 5
491 5
492 1
493 1
494 2
495 2
496 1
497 1
498 2
499 2
500 1
501 1
502 1
503 1
504 1
505 1
506 2
507 2
508 1
509 1
510 2
511 2
512 1
513 1
514 2
515 2
516 2
517 2
518 1
519 1
520 2
521 2
522 2
523 2
524 2
525 2
526 1
527 1
528 1
529 1
530 1
531 1
532 3
533 3
534 1
535 1
536 2
537 2
538 2
539 2
540 1
541 1
542 1
543 1
544 5
545 5
546 2
547 2
548 2
549 2
550 1
551 1
552 1
553 1
554 2
555 2
556 2
557 2
558 5
559 5
560 2
561 2
562 5
563 5
564 1
565 1
566 1
567 1
568 5
569 5
570 1
571 1
572 2
573 2
574 2
575 2
576 2
577 2
578 2
579 2
580 5
581 5
582 2
583 2
584 2
585 2
586 3
587 3
588 1
589 1
590 2
591 2
592 1
593 1
594 2
595 2
596 2
597 2
598 5
599 5
600 2
601 2
602 5
603 5
604 2
605 2
606 2
607 2
608 1
609 1
610 2
611 2
612 5
613 5
614 3
615 3
616 3
617 3
618 2
619 2
620 2
621 2
622 2
623 2
624 3
625 3
626 2
627 2
628 5
629 5
630 2
631 2
632 5
633 5
634 5
635 5
636 2
637 2
638 1
639 1
640 2
641 2
642 2
643 2
644 1
645 1
646 2
647 2
648 2
649 2
650 5
651 5
652 1
653 1
654 1
655 1
656 5
657 5
658 2
659 2
660 1
661 1
662 5
663 5
664 2
665 2
666 2
667 2
668 2
669 2
670 2
671 2
672 5
673 5
674 2
675 2
676 5
677 5
678 2
679 2
